    87103	2017-01-19 10:32:29	1	0	1	0
    87129	2017-01-19 10:32:31	1	0	1	0
    82150	2017-01-19 10:38:53	1	0	15	0
    72085	2017-01-19 10:41:06	1	0	15	0
    74121	2017-01-19 10:44:56	1	0	15	0
    72085	2017-01-19 10:45:25	1	0	15	0
    94011	2017-01-19 10:47:04	1	0	15	0
    74121	2017-01-19 10:49:41	1	0	15	0
    82150	2017-01-19 12:41:40	1	0	15	0
    83102	2017-01-19 16:58:11	1	0	15	0
    65017	2017-01-19 17:00:07	1	0	15	0
    83102	2017-01-19 17:00:32	1	0	15	0
    82150	2017-01-19 17:00:41	1	0	15	0
    74121	2017-01-19 17:00:48	1	0	15	0
    65017	2017-01-19 17:11:29	1	0	15	0
    74121	2017-01-20 07:43:02	1	0	15	0
    82150	2017-01-20 09:00:27	1	0	15	0
    84158	2017-01-20 09:01:59	1	0	15	0
    77031	2017-01-20 12:01:19	1	0	15	0
    79132	2017-01-20 12:02:46	1	0	15	0
    83102	2017-01-20 12:02:53	1	0	15	0
    77031	2017-01-20 12:30:45	1	0	15	0
    79132	2017-01-20 12:34:25	1	0	15	0
    83102	2017-01-20 12:34:58	1	0	1	0
    65017	2017-01-20 12:59:32	1	0	15	0
    55015	2017-01-20 16:52:07	1	0	15	0
    84158	2017-01-20 16:52:19	1	0	15	0
    91051	2017-01-20 16:54:27	1	0	15	0
    85103	2017-01-20 16:55:57	1	0	15	0
    85087	2017-01-20 16:57:08	1	0	15	0
    77031	2017-01-20 17:00:16	1	0	15	0
    55015	2017-01-20 17:08:51	1	0	15	0
    79132	2017-01-20 17:12:42	1	0	15	0
    65017	2017-01-20 17:14:02	1	0	15	0
    55015	2017-01-21 07:27:37	1	0	15	0
    55015	2017-01-21 17:10:44	1	0	15	0
    84158	2017-01-22 11:58:12	1	0	15	0
    77031	2017-01-23 07:34:09	1	0	15	0
    83102	2017-01-23 07:34:42	1	0	1	0
    74121	2017-01-23 07:44:16	1	0	15	0
    79132	2017-01-23 07:45:51	1	0	15	0
    74121	2017-01-23 12:02:03	1	0	15	0
    77031	2017-01-23 12:09:27	1	0	15	0
    82150	2017-01-23 12:09:40	1	0	15	0
    65017	2017-01-23 12:10:48	1	0	15	0
    77031	2017-01-23 12:31:06	1	0	15	0
    65017	2017-01-23 12:47:33	1	0	15	0
    85035	2017-01-23 12:56:22	1	0	15	0
    80122	2017-01-23 12:58:04	1	0	15	0
    72085	2017-01-23 12:59:49	1	0	15	0
    77031	2017-01-23 17:02:17	1	0	15	0
    83102	2017-01-23 17:02:27	1	0	1	0
    72085	2017-01-23 17:06:49	1	0	15	0
    65017	2017-01-23 17:18:02	1	0	15	0
    77031	2017-01-24 07:37:29	1	0	15	0
    79132	2017-01-24 07:53:45	1	0	15	0
    71009	2017-01-24 10:43:03	1	0	15	0
    61024	2017-01-24 11:58:01	1	0	15	0
    77031	2017-01-24 12:01:28	1	0	15	0
    77031	2017-01-24 12:36:55	1	0	15	0
    82150	2017-01-24 12:44:24	1	0	15	0
    92078	2017-01-24 13:45:18	1	0	15	0
    75132	2017-01-24 13:46:39	1	0	15	0
    85138	2017-01-24 13:47:59	1	0	15	0
    70053	2017-01-24 13:49:28	1	0	15	0
    72009	2017-01-24 13:52:46	1	0	15	0
    63019	2017-01-24 14:45:32	1	0	15	0
    77067	2017-01-24 14:47:11	1	0	15	0
    72111	2017-01-24 14:48:27	1	0	15	0
    79029	2017-01-24 14:49:40	1	0	15	0
    83106	2017-01-24 14:51:09	1	0	15	0
    75031	2017-01-24 15:09:50	1	0	1	0
    93005	2017-01-24 15:11:36	1	0	15	0
    56023	2017-01-24 15:14:56	1	0	15	0
    88130	2017-01-24 15:42:14	1	0	15	0
    84158	2017-01-24 16:56:10	1	0	15	0
    77031	2017-01-24 17:00:19	1	0	15	0
    70053	2017-01-24 17:06:27	1	0	15	0
    79132	2017-01-24 17:17:09	1	0	15	0
    55015	2017-01-24 17:17:54	1	0	15	0
    83102	2017-01-25 07:24:10	1	0	1	0
    72085	2017-01-25 07:46:17	1	0	15	0
    77031	2017-01-25 07:50:39	1	0	15	0
    74121	2017-01-25 07:50:55	1	0	15	0
    79132	2017-01-25 07:56:00	1	0	15	0
    70053	2017-01-25 07:57:30	1	0	1	0
    57020	2017-01-25 08:05:34	1	0	15	0
    84167	2017-01-25 08:07:16	1	0	15	0
     1117	2017-01-25 08:09:12	1	0	15	0
    94011	2017-01-25 08:09:26	1	0	1	0
    87082	2017-01-25 08:10:58	1	0	15	0
    94011	2017-01-25 08:11:19	1	0	1	0
    89088	2017-01-25 08:12:52	1	0	15	0
    87128	2017-01-25 08:15:26	1	0	15	0
    71048	2017-01-25 08:17:02	1	0	15	0
    90074	2017-01-25 08:18:36	1	0	15	0
    88017	2017-01-25 08:20:15	1	0	15	0
    94011	2017-01-25 08:20:28	1	0	1	0
    74119	2017-01-25 08:21:58	1	0	15	0
    60066	2017-01-25 08:26:44	1	0	1	0
    73071	2017-01-25 08:28:59	1	0	15	0
    66061	2017-01-25 08:32:37	1	0	15	0
    52015	2017-01-25 09:12:29	1	0	15	0
    80149	2017-01-25 09:32:27	1	0	15	0
    83126	2017-01-25 09:41:14	1	0	15	0
    94011	2017-01-25 09:41:28	1	0	15	0
    87103	2017-01-25 10:02:11	1	0	1	0
    91069	2017-01-25 10:03:28	1	0	1	0
    84157	2017-01-25 10:06:10	1	0	15	0
    90074	2017-01-25 10:06:44	1	0	15	0
    76004	2017-01-25 10:12:11	1	0	15	0
    85112	2017-01-25 10:29:41	1	0	15	0
    70082	2017-01-25 10:39:13	1	0	1	0
    77031	2017-01-25 12:03:48	1	0	15	0
    76004	2017-01-25 12:07:33	1	0	15	0
    82150	2017-01-25 12:07:49	1	0	15	0
    74121	2017-01-25 12:09:08	1	0	15	0
    70053	2017-01-25 12:16:39	1	0	15	0
    76004	2017-01-25 12:16:55	1	0	1	0
    76004	2017-01-25 12:29:24	1	0	15	0
    72085	2017-01-25 12:30:27	1	0	15	0
    77031	2017-01-25 12:32:11	1	0	15	0
    70053	2017-01-25 12:44:31	1	0	15	0
    70014	2017-01-25 12:46:13	1	0	15	0
    74121	2017-01-25 12:53:18	1	0	15	0
    89054	2017-01-25 12:57:06	1	0	15	0
    30040	2017-01-25 12:58:51	1	0	15	0
    76147	2017-01-25 13:01:50	1	0	15	0
    92018	2017-01-25 13:05:55	1	0	15	0
    88117	2017-01-25 13:19:29	1	0	15	0
    83162	2017-01-25 13:30:05	1	0	15	0
    75133	2017-01-25 14:11:57	1	0	15	0
    77049	2017-01-25 14:31:01	1	0	15	0
    84004	2017-01-25 14:32:37	1	0	15	0
    30019	2017-01-25 14:34:20	1	0	15	0
    88135	2017-01-25 14:41:21	1	0	15	0
    84110	2017-01-25 14:43:27	1	0	15	0
    93017	2017-01-25 14:45:30	1	0	15	0
    67038	2017-01-25 14:46:42	1	0	15	0
    69007	2017-01-25 14:47:56	1	0	15	0
    73006	2017-01-25 14:50:17	1	0	15	0
    77080	2017-01-25 14:51:44	1	0	15	0
    88036	2017-01-25 14:53:09	1	0	15	0
    87006	2017-01-25 14:56:43	1	0	15	0
    64025	2017-01-25 14:58:26	1	0	15	0
    93040	2017-01-25 15:03:30	1	0	1	0
     1106	2017-01-25 15:05:23	1	0	15	0
     1119	2017-01-25 15:06:48	1	0	15	0
    72031	2017-01-25 15:08:17	1	0	15	0
    77126	2017-01-25 15:09:47	1	0	15	0
    30024	2017-01-25 15:10:58	1	0	15	0
    91040	2017-01-25 15:12:27	1	0	15	0
     1092	2017-01-25 15:13:43	1	0	15	0
    30049	2017-01-25 15:15:38	1	0	15	0
    94017	2017-01-25 15:19:48	1	0	15	0
    82155	2017-01-25 16:03:21	1	0	15	0
    77031	2017-01-25 17:00:04	1	0	15	0
    72085	2017-01-25 17:00:53	1	0	15	0
    76004	2017-01-25 17:01:33	1	0	1	0
    92078	2017-01-25 17:03:59	1	0	15	0
    85035	2017-01-25 17:04:56	1	0	15	0
    80122	2017-01-25 17:05:12	1	0	15	0
    70053	2017-01-25 17:09:38	1	0	15	0
    30049	2017-01-26 06:50:47	1	0	1	0
    91069	2017-01-26 06:55:23	1	0	1	0
    91040	2017-01-26 06:56:30	1	0	1	0
    83102	2017-01-26 07:12:02	1	0	1	0
    85112	2017-01-26 07:16:20	1	0	1	0
    55015	2017-01-26 07:25:36	1	0	15	0
    77031	2017-01-26 07:26:26	1	0	15	0
    91051	2017-01-26 07:35:08	1	0	15	0
    85138	2017-01-26 07:35:16	1	0	15	0
    91051	2017-01-26 07:36:20	1	0	15	0
    72085	2017-01-26 07:43:53	1	0	15	0
    74121	2017-01-26 07:44:38	1	0	15	0
    75132	2017-01-26 07:50:58	1	0	15	0
    92078	2017-01-26 07:51:09	1	0	15	0
    76004	2017-01-26 07:59:40	1	0	15	0
    79132	2017-01-26 07:59:49	1	0	15	0
    70053	2017-01-26 08:01:15	1	0	1	0
    72048	2017-01-26 08:26:40	1	0	15	0
    69017	2017-01-26 08:29:23	1	0	15	0
    91048	2017-01-26 08:53:52	1	0	15	0
    91058	2017-01-26 08:57:30	1	0	15	0
    72085	2017-01-26 09:09:31	1	0	1	0
    70015	2017-01-26 09:11:07	1	0	15	0
    95004	2017-01-26 09:16:50	1	0	15	0
    71010	2017-01-26 09:18:28	1	0	15	0
    77031	2017-01-26 12:01:01	1	0	15	0
    76004	2017-01-26 12:01:41	1	0	15	0
    85138	2017-01-26 12:01:52	1	0	15	0
    95004	2017-01-26 12:02:00	1	0	15	0
    92018	2017-01-26 12:02:08	1	0	15	0
    92078	2017-01-26 12:02:12	1	0	15	0
    74121	2017-01-26 12:05:53	1	0	15	0
    72085	2017-01-26 12:08:09	1	0	15	0
    55015	2017-01-26 12:10:03	1	0	15	0
    91051	2017-01-26 12:10:17	1	0	15	0
    75132	2017-01-26 12:12:32	1	0	15	0
    70053	2017-01-26 12:18:09	1	0	15	0
    92078	2017-01-26 12:33:14	1	0	15	0
    85138	2017-01-26 12:33:43	1	0	15	0
    74121	2017-01-26 12:33:48	1	0	15	0
    72085	2017-01-26 12:34:28	1	0	15	0
    76004	2017-01-26 12:34:43	1	0	15	0
    77031	2017-01-26 12:38:31	1	0	15	0
    70053	2017-01-26 12:38:42	1	0	15	0
    75132	2017-01-26 12:38:50	1	0	15	0
    66061	2017-01-26 12:39:09	1	0	15	0
    95004	2017-01-26 12:39:35	1	0	15	0
    92018	2017-01-26 12:39:53	1	0	15	0
    88117	2017-01-26 12:40:01	1	0	15	0
    55015	2017-01-26 12:40:21	1	0	15	0
    77080	2017-01-26 12:40:47	1	0	15	0
    80122	2017-01-26 12:45:02	1	0	15	0
    91051	2017-01-26 12:45:07	1	0	15	0
    56023	2017-01-26 12:45:17	1	0	15	0
    87136	2017-01-26 12:57:53	1	0	15	0
    85150	2017-01-26 13:16:04	1	0	15	0
    77118	2017-01-26 13:38:14	1	0	15	0
    68011	2017-01-26 13:48:35	1	0	15	0
    85150	2017-01-26 15:03:48	1	0	15	0
    91040	2017-01-26 15:04:13	1	0	1	0
    85150	2017-01-26 15:04:50	1	0	1	0
    91069	2017-01-26 15:09:18	1	0	1	0
    85112	2017-01-26 15:19:16	1	0	1	0
    91049	2017-01-26 16:21:43	1	0	15	0
    62015	2017-01-26 16:27:26	1	0	15	0
    77031	2017-01-26 17:00:13	1	0	15	0
    85138	2017-01-26 17:00:37	1	0	15	0
    79132	2017-01-26 17:00:45	1	0	15	0
    75132	2017-01-26 17:01:04	1	0	15	0
    74121	2017-01-26 17:01:28	1	0	15	0
    92078	2017-01-26 17:01:34	1	0	15	0
    85035	2017-01-26 17:02:03	1	0	15	0
    80122	2017-01-26 17:02:19	1	0	15	0
    76004	2017-01-26 17:02:35	1	0	15	0
    72085	2017-01-26 17:03:40	1	0	15	0
    55015	2017-01-26 17:04:35	1	0	15	0
    70053	2017-01-26 17:07:01	1	0	15	0
    82150	2017-01-26 17:12:22	1	0	15	0
    85112	2017-01-27 06:45:18	1	0	1	0
    85150	2017-01-27 06:56:37	1	0	15	0
    55015	2017-01-27 07:17:03	1	0	15	0
    77031	2017-01-27 07:24:13	1	0	15	0
    85138	2017-01-27 07:44:35	1	0	15	0
    89054	2017-01-27 07:44:51	1	0	15	0
    74121	2017-01-27 07:45:43	1	0	15	0
    75132	2017-01-27 07:48:43	1	0	15	0
    92078	2017-01-27 07:49:14	1	0	15	0
    75098	2017-01-27 07:52:51	1	0	15	0
    83102	2017-01-27 07:52:59	1	0	15	0
    84158	2017-01-27 07:54:46	1	0	15	0
    87103	2017-01-27 07:56:33	1	0	1	0
    79132	2017-01-27 07:58:25	1	0	15	0
    82150	2017-01-27 08:04:57	1	0	15	0
    30021	2017-01-27 08:20:08	1	0	15	0
     3002	2017-01-27 08:25:24	1	0	15	0
    77129	2017-01-27 08:37:21	1	0	15	0
    94042	2017-01-27 09:24:01	1	0	15	0
    81046	2017-01-27 09:46:11	1	0	15	0
        1	2017-01-27 09:47:43	1	0	15	0
    30057	2017-01-27 09:49:30	1	0	15	0
    30051	2017-01-27 09:50:59	1	0	15	0
    30055	2017-01-27 09:52:10	1	0	15	0
    30054	2017-01-27 10:28:59	1	0	15	0
    30056	2017-01-27 10:30:15	1	0	15	0
    58026	2017-01-27 10:42:06	1	0	15	0
    77129	2017-01-27 10:42:15	1	0	1	0
    77031	2017-01-27 12:00:31	1	0	15	0
    75132	2017-01-27 12:03:16	1	0	15	0
    85035	2017-01-27 12:03:35	1	0	15	0
    85138	2017-01-27 12:03:44	1	0	15	0
    74121	2017-01-27 12:04:02	1	0	15	0
    84158	2017-01-27 12:04:16	1	0	1	0
    72085	2017-01-27 12:04:52	1	0	15	0
    92078	2017-01-27 12:05:43	1	0	15	0
    76004	2017-01-27 12:06:19	1	0	15	0
    89054	2017-01-27 12:06:29	1	0	1	0
    55015	2017-01-27 12:08:08	1	0	15	0
    65017	2017-01-27 12:10:49	1	0	15	0
    91051	2017-01-27 12:10:57	1	0	15	0
    77031	2017-01-27 12:31:43	1	0	15	0
    82150	2017-01-27 12:37:03	1	0	15	0
    85138	2017-01-27 12:37:38	1	0	15	0
    72085	2017-01-27 12:37:53	1	0	15	0
    76004	2017-01-27 12:38:14	1	0	15	0
    84158	2017-01-27 12:38:42	1	0	1	0
    65017	2017-01-27 12:44:23	1	0	15	0
    55015	2017-01-27 12:44:29	1	0	15	0
    75132	2017-01-27 12:45:25	1	0	1	0
    92078	2017-01-27 12:45:42	1	0	15	0
    85035	2017-01-27 12:46:00	1	0	15	0
    80122	2017-01-27 12:46:04	1	0	15	0
    89054	2017-01-27 12:46:12	1	0	15	0
    74121	2017-01-27 12:46:57	1	0	15	0
    91051	2017-01-27 12:52:01	1	0	15	0
    65015	2017-01-27 15:02:32	1	0	15	0
    85112	2017-01-27 15:10:37	1	0	1	0
    74034	2017-01-27 15:15:25	1	0	1	0
    85150	2017-01-27 15:15:47	1	0	1	0
    72085	2017-01-27 15:15:57	1	0	15	0
    79053	2017-01-27 16:55:46	1	0	15	0
    79132	2017-01-27 17:01:11	1	0	15	0
    83102	2017-01-27 17:01:19	1	0	15	0
    77031	2017-01-27 17:01:24	1	0	15	0
    85138	2017-01-27 17:02:11	1	0	15	0
    74121	2017-01-27 17:02:34	1	0	15	0
    75132	2017-01-27 17:03:01	1	0	1	0
    87103	2017-01-27 17:03:57	1	0	1	0
    72085	2017-01-27 17:05:31	1	0	1	0
    79053	2017-01-27 17:07:55	1	0	15	0
    85035	2017-01-27 17:08:42	1	0	15	0
    92078	2017-01-27 17:08:47	1	0	15	0
    89054	2017-01-27 17:08:52	1	0	15	0
    76004	2017-01-27 17:09:48	1	0	15	0
    82150	2017-01-27 17:09:57	1	0	15	0
    55015	2017-01-27 17:13:24	1	0	15	0
    65017	2017-01-27 17:20:44	1	0	15	0
    85103	2017-01-27 17:59:24	1	0	15	0
    85103	2017-01-27 18:01:17	1	0	15	0
    91069	2017-01-28 07:05:40	1	0	1	0
    73071	2017-01-28 07:05:47	1	0	15	0
    75132	2017-01-28 07:42:52	1	0	15	0
    85138	2017-01-28 07:50:22	1	0	1	0
    92078	2017-01-28 07:51:12	1	0	15	0
    82150	2017-01-28 07:55:21	1	0	15	0
    85140	2017-01-28 08:40:52	1	0	15	0
    83014	2017-01-28 09:28:04	1	0	15	0
    77129	2017-01-28 09:46:26	1	0	15	0
    85103	2017-01-28 09:51:33	1	0	15	0
    83112	2017-01-28 10:29:43	1	0	15	0
    77129	2017-01-28 10:45:00	1	0	1	0
    70015	2017-01-28 11:57:08	1	0	15	0
    84158	2017-01-28 12:01:04	1	0	1	0
    75132	2017-01-28 12:01:30	1	0	1	0
    94011	2017-01-28 12:01:36	1	0	15	0
    85138	2017-01-28 12:01:59	1	0	1	0
    92078	2017-01-28 12:02:04	1	0	15	0
    82150	2017-01-28 12:03:05	1	0	15	0
    94011	2017-01-28 12:57:41	1	0	1	0
    75132	2017-01-28 12:59:04	1	0	1	0
    91069	2017-01-28 15:18:43	1	0	1	0
    75132	2017-01-28 17:01:13	1	0	1	0
    94011	2017-01-28 17:01:30	1	0	1	0
    82150	2017-01-28 17:01:47	1	0	15	0
    91069	2017-01-29 07:08:23	1	0	1	0
    84158	2017-01-29 07:55:17	1	0	1	0
    82150	2017-01-29 07:56:56	1	0	15	0
    70053	2017-01-29 08:17:03	1	0	1	0
    84158	2017-01-29 12:01:11	1	0	15	0
    82150	2017-01-29 12:01:40	1	0	15	0
    70053	2017-01-29 12:07:24	1	0	15	0
    82150	2017-01-29 12:31:06	1	0	15	0
    70053	2017-01-29 12:52:52	1	0	1	0
    85112	2017-01-29 15:03:51	1	0	1	0
    91069	2017-01-29 15:08:39	1	0	1	0
    82150	2017-01-29 17:01:07	1	0	15	0
    84158	2017-01-29 17:01:22	1	0	15	0
    70053	2017-01-29 17:23:38	1	0	1	0
    91069	2017-01-30 06:58:26	1	0	1	0
    93040	2017-01-30 06:58:39	1	0	1	0
    55015	2017-01-30 07:26:00	1	0	15	0
    77031	2017-01-30 07:29:31	1	0	15	0
    85138	2017-01-30 07:34:54	1	0	1	0
    84158	2017-01-30 07:42:55	1	0	1	0
    92078	2017-01-30 07:45:22	1	0	15	0
    89054	2017-01-30 07:46:03	1	0	15	0
    75132	2017-01-30 07:47:24	1	0	15	0
    72085	2017-01-30 07:49:43	1	0	15	0
    74121	2017-01-30 07:55:44	1	0	15	0
    79053	2017-01-30 07:58:51	1	0	15	0
    82150	2017-01-30 07:59:17	1	0	15	0
    87103	2017-01-30 08:00:57	1	0	1	0
    70053	2017-01-30 08:06:26	1	0	1	0
    91051	2017-01-30 08:53:26	1	0	15	0
    77129	2017-01-30 08:58:20	1	0	15	0
    30062	2017-01-30 09:37:37	1	0	15	0
    30063	2017-01-30 09:38:44	1	0	15	0
    30064	2017-01-30 09:50:53	1	0	15	0
    30052	2017-01-30 10:05:01	1	0	15	0
    30053	2017-01-30 10:06:26	1	0	15	0
    30058	2017-01-30 10:07:38	1	0	15	0
    94011	2017-01-30 10:15:26	1	0	15	0
    70053	2017-01-30 10:20:14	1	0	15	0
    76004	2017-01-30 10:20:32	1	0	15	0
    70053	2017-01-30 10:22:34	1	0	15	0
    56063	2017-01-30 11:56:46	1	0	15	0
    78064	2017-01-30 12:02:28	1	0	1	0
    87103	2017-01-30 12:02:55	1	0	1	0
    74121	2017-01-30 12:03:05	1	0	1	0
    30062	2017-01-30 12:03:20	1	0	1	0
    30063	2017-01-30 12:03:26	1	0	1	0
    79053	2017-01-30 12:03:39	1	0	15	0
    83102	2017-01-30 12:03:50	1	0	15	0
    77031	2017-01-30 12:03:54	1	0	15	0
    85138	2017-01-30 12:05:17	1	0	1	0
    75132	2017-01-30 12:05:22	1	0	15	0
    92078	2017-01-30 12:05:37	1	0	15	0
    55015	2017-01-30 12:05:55	1	0	15	0
    94011	2017-01-30 12:06:03	1	0	15	0
    89054	2017-01-30 12:07:28	1	0	15	0
    70053	2017-01-30 12:08:14	1	0	15	0
    84158	2017-01-30 12:09:45	1	0	1	0
    82150	2017-01-30 12:09:54	1	0	15	0
    76004	2017-01-30 12:11:27	1	0	15	0
    70015	2017-01-30 12:14:31	1	0	1	0
    84158	2017-01-30 12:33:36	1	0	1	0
    85138	2017-01-30 12:34:01	1	0	1	0
    82150	2017-01-30 12:34:15	1	0	15	0
    30063	2017-01-30 12:34:30	1	0	1	0
    30062	2017-01-30 12:34:35	1	0	1	0
    55015	2017-01-30 12:35:44	1	0	15	0
    77031	2017-01-30 12:37:57	1	0	15	0
    75132	2017-01-30 12:38:55	1	0	1	0
    92078	2017-01-30 12:41:36	1	0	15	0
    70053	2017-01-30 12:44:49	1	0	1	0
    74121	2017-01-30 12:45:36	1	0	15	0
    89054	2017-01-30 12:45:44	1	0	15	0
    87103	2017-01-30 12:52:08	1	0	1	0
    79053	2017-01-30 12:53:42	1	0	15	0
    83102	2017-01-30 12:56:33	1	0	15	0
    76004	2017-01-30 12:58:09	1	0	15	0
    55028	2017-01-30 13:21:02	1	0	1	0
    91069	2017-01-30 15:12:12	1	0	1	0
    93040	2017-01-30 15:22:02	1	0	1	0
    77151	2017-01-30 15:54:45	1	0	15	0
    30062	2017-01-30 17:00:42	1	0	1	0
    30063	2017-01-30 17:00:55	1	0	1	0
    79132	2017-01-30 17:01:13	1	0	15	0
    85138	2017-01-30 17:01:20	1	0	1	0
    75031	2017-01-30 17:01:31	1	0	15	0
    30015	2017-01-30 17:01:58	1	0	1	0
    74121	2017-01-30 17:02:11	1	0	15	0
    75132	2017-01-30 17:02:25	1	0	1	0
    77031	2017-01-30 17:02:44	1	0	15	0
    92078	2017-01-30 17:03:28	1	0	15	0
    80122	2017-01-30 17:04:01	1	0	15	0
    82150	2017-01-30 17:04:54	1	0	15	0
    83102	2017-01-30 17:07:16	1	0	15	0
    84158	2017-01-30 17:07:28	1	0	1	0
    94011	2017-01-30 17:11:06	1	0	15	0
    87103	2017-01-30 17:15:40	1	0	1	0
    70053	2017-01-30 17:22:06	1	0	1	0
    55015	2017-01-30 17:23:49	1	0	15	0
    65017	2017-01-30 17:25:48	1	0	15	0
    76004	2017-01-30 17:26:04	1	0	15	0
    83102	2017-01-31 07:06:08	1	0	1	0
    91069	2017-01-31 07:06:18	1	0	1	0
    30053	2017-01-31 07:16:30	1	0	15	0
    55015	2017-01-31 07:28:29	1	0	15	0
    77031	2017-01-31 07:34:56	1	0	15	0
    30064	2017-01-31 07:41:13	1	0	15	0
    74121	2017-01-31 07:41:52	1	0	15	0
    30064	2017-01-31 07:42:46	1	0	15	0
    30062	2017-01-31 07:46:38	1	0	1	0
    92078	2017-01-31 07:51:36	1	0	15	0
    75132	2017-01-31 07:52:41	1	0	15	0
    72085	2017-01-31 07:56:53	1	0	15	0
    82150	2017-01-31 07:57:52	1	0	15	0
    84158	2017-01-31 07:58:29	1	0	1	0
    89054	2017-01-31 07:59:42	1	0	15	0
    79053	2017-01-31 08:02:46	1	0	1	0
    70053	2017-01-31 08:06:03	1	0	15	0
    30063	2017-01-31 08:09:32	1	0	1	0
    65017	2017-01-31 08:13:18	1	0	15	0
    77129	2017-01-31 08:17:24	1	0	15	0
    91051	2017-01-31 08:55:46	1	0	15	0
    92027	2017-01-31 09:09:30	1	0	15	0
    30062	2017-01-31 12:01:29	1	0	1	0
    77031	2017-01-31 12:01:36	1	0	15	0
    30063	2017-01-31 12:01:44	1	0	1	0
    30064	2017-01-31 12:02:04	1	0	15	0
    30053	2017-01-31 12:02:48	1	0	15	0
    74121	2017-01-31 12:03:12	1	0	15	0
    76004	2017-01-31 12:03:22	1	0	15	0
    82150	2017-01-31 12:03:41	1	0	15	0
    70053	2017-01-31 12:03:53	1	0	15	0
    84158	2017-01-31 12:03:58	1	0	1	0
    75132	2017-01-31 12:05:12	1	0	1	0
    89054	2017-01-31 12:05:22	1	0	15	0
    79053	2017-01-31 12:05:39	1	0	15	0
    94011	2017-01-31 12:06:39	1	0	1	0
    72085	2017-01-31 12:07:03	1	0	15	0
    65017	2017-01-31 12:16:28	1	0	15	0
    92078	2017-01-31 12:16:43	1	0	15	0
    55015	2017-01-31 12:17:49	1	0	15	0
    77031	2017-01-31 12:31:03	1	0	15	0
    72085	2017-01-31 12:31:08	1	0	15	0
    30064	2017-01-31 12:31:53	1	0	15	0
    30053	2017-01-31 12:32:01	1	0	15	0
    30063	2017-01-31 12:33:48	1	0	1	0
    30062	2017-01-31 12:34:19	1	0	1	0
    75132	2017-01-31 12:34:57	1	0	1	0
    76004	2017-01-31 12:35:29	1	0	15	0
    70053	2017-01-31 12:37:54	1	0	1	0
    94011	2017-01-31 12:39:09	1	0	1	0
    82150	2017-01-31 12:39:41	1	0	15	0
    92078	2017-01-31 12:39:54	1	0	15	0
    55015	2017-01-31 12:45:56	1	0	15	0
    65017	2017-01-31 12:48:36	1	0	15	0
    74121	2017-01-31 12:49:14	1	0	15	0
    89054	2017-01-31 12:49:23	1	0	15	0
    84158	2017-01-31 12:50:32	1	0	1	0
    79053	2017-01-31 12:57:28	1	0	15	0
    93017	2017-01-31 14:55:46	1	0	15	0
    88032	2017-01-31 15:14:26	1	0	15	0
    84095	2017-01-31 15:16:08	1	0	15	0
    91069	2017-01-31 15:16:14	1	0	1	0
    87136	2017-01-31 15:16:38	1	0	1	0
    85112	2017-01-31 15:16:54	1	0	1	0
    87128	2017-01-31 15:17:00	1	0	1	0
    30063	2017-01-31 17:01:28	1	0	1	0
    30062	2017-01-31 17:01:37	1	0	1	0
    79053	2017-01-31 17:01:45	1	0	1	0
    75132	2017-01-31 17:02:14	1	0	1	0
    94011	2017-01-31 17:02:43	1	0	1	0
    85035	2017-01-31 17:02:50	1	0	15	0
    92078	2017-01-31 17:02:55	1	0	15	0
    80122	2017-01-31 17:03:05	1	0	15	0
    30064	2017-01-31 17:03:15	1	0	15	0
    30053	2017-01-31 17:03:25	1	0	15	0
    30015	2017-01-31 17:03:43	1	0	1	0
    77031	2017-01-31 17:03:57	1	0	15	0
    65017	2017-01-31 17:04:33	1	0	15	0
    76004	2017-01-31 17:04:42	1	0	15	0
    84158	2017-01-31 17:04:46	1	0	1	0
    89054	2017-01-31 17:05:22	1	0	15	0
    72085	2017-01-31 17:05:33	1	0	15	0
    82150	2017-01-31 17:06:00	1	0	15	0
    74121	2017-01-31 17:06:11	1	0	15	0
    55015	2017-01-31 17:07:58	1	0	15	0
    70053	2017-01-31 17:34:29	1	0	1	0
    53022	2017-02-01 06:46:38	1	0	1	0
    84004	2017-02-01 06:46:45	1	0	1	0
    83106	2017-02-01 06:47:15	1	0	15	0
    77067	2017-02-01 06:53:29	1	0	15	0
    62015	2017-02-01 06:53:47	1	0	15	0
    88036	2017-02-01 06:54:05	1	0	15	0
    72111	2017-02-01 06:54:21	1	0	15	0
    74034	2017-02-01 06:55:12	1	0	15	0
    91069	2017-02-01 06:55:17	1	0	1	0
    72111	2017-02-01 06:55:51	1	0	1	0
    71009	2017-02-01 07:00:10	1	0	15	0
    83106	2017-02-01 07:01:08	1	0	15	0
    88032	2017-02-01 07:04:37	1	0	15	0
    74119	2017-02-01 07:05:24	1	0	15	0
    83102	2017-02-01 07:05:31	1	0	15	0
    60066	2017-02-01 07:05:37	1	0	15	0
    83102	2017-02-01 07:06:43	1	0	15	0
    87136	2017-02-01 07:13:38	1	0	1	0
    30021	2017-02-01 07:14:50	1	0	15	0
    84167	2017-02-01 07:14:59	1	0	15	0
    89088	2017-02-01 07:15:13	1	0	15	0
    72048	2017-02-01 07:15:37	1	0	15	0
    69017	2017-02-01 07:20:25	1	0	15	0
    58026	2017-02-01 07:21:48	1	0	1	0
    69017	2017-02-01 07:21:57	1	0	1	0
    55015	2017-02-01 07:29:20	1	0	15	0
    85138	2017-02-01 07:34:40	1	0	1	0
    92078	2017-02-01 07:44:44	1	0	15	0
    89054	2017-02-01 07:45:59	1	0	15	0
    84158	2017-02-01 07:46:03	1	0	1	0
    74121	2017-02-01 07:46:35	1	0	15	0
    77031	2017-02-01 07:47:11	1	0	15	0
    72085	2017-02-01 07:48:15	1	0	15	0
    72009	2017-02-01 07:49:16	1	0	15	0
    71010	2017-02-01 07:50:08	1	0	1	0
    30062	2017-02-01 07:50:47	1	0	1	0
    30063	2017-02-01 07:51:48	1	0	1	0
    75132	2017-02-01 07:53:13	1	0	15	0
    61023	2017-02-01 07:54:37	1	0	15	0
    88117	2017-02-01 07:54:44	1	0	15	0
    30019	2017-02-01 07:56:22	1	0	15	0
    80122	2017-02-01 07:59:12	1	0	15	0
    30015	2017-02-01 08:01:55	1	0	1	0
    79053	2017-02-01 08:02:19	1	0	15	0
    70053	2017-02-01 08:02:45	1	0	1	0
    76004	2017-02-01 08:03:58	1	0	15	0
    65017	2017-02-01 08:16:07	1	0	15	0
    80149	2017-02-01 08:42:04	1	0	15	0
    77129	2017-02-01 08:52:56	1	0	15	0
    85103	2017-02-01 09:21:58	1	0	15	0
    85087	2017-02-01 09:32:35	1	0	1	0
    83112	2017-02-01 09:35:20	1	0	15	0
    87044	2017-02-01 10:09:15	1	0	15	0
    58049	2017-02-01 10:54:58	1	0	15	0
    77031	2017-02-01 12:00:11	1	0	15	0
    84158	2017-02-01 12:00:26	1	0	1	0
    30062	2017-02-01 12:00:31	1	0	1	0
    30063	2017-02-01 12:00:36	1	0	1	0
    83102	2017-02-01 12:01:13	1	0	15	0
    76004	2017-02-01 12:01:23	1	0	15	0
    85138	2017-02-01 12:01:28	1	0	1	0
    30015	2017-02-01 12:01:45	1	0	1	0
    74121	2017-02-01 12:02:05	1	0	15	0
    89054	2017-02-01 12:02:11	1	0	15	0
    70053	2017-02-01 12:04:21	1	0	15	0
    92078	2017-02-01 12:04:34	1	0	15	0
    72085	2017-02-01 12:04:46	1	0	15	0
    80122	2017-02-01 12:05:07	1	0	15	0
    94011	2017-02-01 12:05:26	1	0	15	0
    75132	2017-02-01 12:05:30	1	0	1	0
    55015	2017-02-01 12:10:04	1	0	15	0
    68011	2017-02-01 12:12:05	1	0	15	0
    65017	2017-02-01 12:19:55	1	0	15	0
    72085	2017-02-01 12:31:24	1	0	15	0
    77031	2017-02-01 12:31:57	1	0	15	0
    75132	2017-02-01 12:34:16	1	0	1	0
    76004	2017-02-01 12:40:50	1	0	15	0
    80122	2017-02-01 12:42:00	1	0	15	0
    92078	2017-02-01 12:42:04	1	0	15	0
    84158	2017-02-01 12:43:32	1	0	1	0
    55015	2017-02-01 12:47:12	1	0	15	0
    65015	2017-02-01 12:47:21	1	0	15	0
    83102	2017-02-01 12:47:44	1	0	15	0
    30015	2017-02-01 12:47:48	1	0	1	0
    74121	2017-02-01 12:47:55	1	0	15	0
    85138	2017-02-01 12:48:03	1	0	15	0
    89054	2017-02-01 12:48:09	1	0	15	0
    70053	2017-02-01 12:52:52	1	0	15	0
    88117	2017-02-01 12:56:39	1	0	15	0
    75098	2017-02-01 14:15:58	1	0	15	0
    93017	2017-02-01 14:18:22	1	0	15	0
    81046	2017-02-01 14:23:04	1	0	1	0
    87006	2017-02-01 14:31:39	1	0	1	0
     1092	2017-02-01 14:31:45	1	0	1	0
    87082	2017-02-01 14:33:36	1	0	1	0
    87128	2017-02-01 14:36:37	1	0	1	0
    84110	2017-02-01 14:37:42	1	0	15	0
    84157	2017-02-01 14:38:40	1	0	1	0
    74119	2017-02-01 14:39:02	1	0	15	0
    92027	2017-02-01 14:44:05	1	0	15	0
    88130	2017-02-01 14:50:58	1	0	15	0
    84095	2017-02-01 14:59:35	1	0	15	0
    85024	2017-02-01 15:01:21	1	0	15	0
    88032	2017-02-01 15:01:55	1	0	1	0
    58049	2017-02-01 15:02:30	1	0	15	0
    84004	2017-02-01 15:04:32	1	0	1	0
    77067	2017-02-01 15:04:39	1	0	1	0
    71048	2017-02-01 15:06:59	1	0	1	0
    72111	2017-02-01 15:11:47	1	0	1	0
    88036	2017-02-01 15:17:05	1	0	15	0
    91069	2017-02-01 15:17:35	1	0	1	0
    62015	2017-02-01 15:19:31	1	0	15	0
    74034	2017-02-01 15:19:57	1	0	15	0
    87136	2017-02-01 15:35:26	1	0	1	0
    30030	2017-02-01 16:04:32	1	0	15	0
     1092	2017-02-01 16:05:24	1	0	15	0
    53022	2017-02-01 16:34:36	1	0	1	0
    30019	2017-02-01 17:00:15	1	0	15	0
    30063	2017-02-01 17:00:21	1	0	15	0
    30062	2017-02-01 17:00:34	1	0	1	0
    84158	2017-02-01 17:01:14	1	0	15	0
    30015	2017-02-01 17:01:18	1	0	1	0
    85138	2017-02-01 17:01:24	1	0	1	0
    74121	2017-02-01 17:01:38	1	0	15	0
    89054	2017-02-01 17:01:49	1	0	15	0
    83102	2017-02-01 17:02:05	1	0	15	0
    76004	2017-02-01 17:02:29	1	0	15	0
    75132	2017-02-01 17:02:45	1	0	1	0
    72085	2017-02-01 17:02:55	1	0	15	0
    77031	2017-02-01 17:03:20	1	0	15	0
    79053	2017-02-01 17:04:10	1	0	15	0
    85035	2017-02-01 17:05:21	1	0	15	0
    92078	2017-02-01 17:05:26	1	0	15	0
    80122	2017-02-01 17:06:23	1	0	15	0
    55015	2017-02-01 17:06:31	1	0	15	0
    65017	2017-02-01 17:11:24	1	0	15	0
    70014	2017-02-01 22:24:51	1	0	15	0
    85112	2017-02-01 22:25:27	1	0	1	0
    67038	2017-02-01 22:25:39	1	0	1	0
    91058	2017-02-01 22:26:00	1	0	15	0
    78064	2017-02-01 22:28:22	1	0	1	0
    72048	2017-02-01 22:37:03	1	0	15	0
    69017	2017-02-01 22:42:34	1	0	15	0
    82155	2017-02-01 22:43:43	1	0	15	0
    69017	2017-02-01 22:43:52	1	0	15	0
    93040	2017-02-01 22:44:31	1	0	1	0
    84167	2017-02-01 22:48:58	1	0	15	0
    77118	2017-02-01 22:56:34	1	0	15	0
    92027	2017-02-01 23:01:06	1	0	15	0
    87082	2017-02-01 23:01:11	1	0	15	0
    71048	2017-02-01 23:01:16	1	0	15	0
    87006	2017-02-01 23:01:22	1	0	1	0
    75098	2017-02-01 23:01:28	1	0	1	0
    30024	2017-02-01 23:01:36	1	0	15	0
     1092	2017-02-01 23:01:44	1	0	1	0
    30030	2017-02-01 23:02:12	1	0	15	0
    93017	2017-02-01 23:02:37	1	0	1	0
    85024	2017-02-01 23:02:45	1	0	15	0
    87128	2017-02-01 23:03:15	1	0	1	0
    84110	2017-02-01 23:03:42	1	0	15	0
    88130	2017-02-01 23:04:16	1	0	15	0
    91051	2017-02-02 04:36:50	1	0	15	0
    85103	2017-02-02 04:37:06	1	0	15	0
    58049	2017-02-02 06:34:06	1	0	1	0
    83106	2017-02-02 06:41:43	1	0	15	0
    89088	2017-02-02 06:42:28	1	0	15	0
    77080	2017-02-02 06:43:36	1	0	1	0
    71009	2017-02-02 06:44:34	1	0	15	0
     1117	2017-02-02 06:44:50	1	0	15	0
    55028	2017-02-02 06:52:21	1	0	15	0
    30021	2017-02-02 06:53:22	1	0	15	0
    57020	2017-02-02 06:56:11	1	0	1	0
    91069	2017-02-02 06:57:46	1	0	1	0
    74034	2017-02-02 06:57:56	1	0	15	0
    91058	2017-02-02 07:03:00	1	0	15	0
    77118	2017-02-02 07:03:16	1	0	15	0
    94042	2017-02-02 07:03:37	1	0	15	0
    88032	2017-02-02 07:04:46	1	0	1	0
    88017	2017-02-02 07:04:53	1	0	1	0
     1119	2017-02-02 07:04:58	1	0	1	0
    84167	2017-02-02 07:06:29	1	0	15	0
    70014	2017-02-02 07:06:43	1	0	15	0
    85150	2017-02-02 07:07:46	1	0	15	0
    61024	2017-02-02 07:07:56	1	0	15	0
    78064	2017-02-02 07:11:00	1	0	15	0
    69017	2017-02-02 07:11:42	1	0	15	0
    82155	2017-02-02 07:13:57	1	0	15	0
    83102	2017-02-02 07:14:20	1	0	1	0
    93040	2017-02-02 07:14:55	1	0	1	0
    72048	2017-02-02 07:15:12	1	0	15	0
    85112	2017-02-02 07:22:57	1	0	1	0
    67038	2017-02-02 07:23:11	1	0	1	0
    66061	2017-02-02 07:23:41	1	0	1	0
    30051	2017-02-02 07:26:21	1	0	15	0
    30054	2017-02-02 07:26:34	1	0	15	0
    30056	2017-02-02 07:26:48	1	0	15	0
    90074	2017-02-02 07:27:18	1	0	15	0
    94011	2017-02-02 07:28:52	1	0	1	0
    83126	2017-02-02 07:33:52	1	0	15	0
    56063	2017-02-02 07:35:50	1	0	15	0
    30057	2017-02-02 07:38:07	1	0	15	0
    30063	2017-02-02 07:40:59	1	0	1	0
    85138	2017-02-02 07:42:29	1	0	1	0
    77126	2017-02-02 07:43:10	1	0	15	0
    92078	2017-02-02 07:43:48	1	0	15	0
    75132	2017-02-02 07:43:58	1	0	1	0
    30055	2017-02-02 07:45:37	1	0	1	0
    72009	2017-02-02 07:47:36	1	0	15	0
    71010	2017-02-02 07:47:57	1	0	1	0
    30040	2017-02-02 07:49:20	1	0	1	0
    89054	2017-02-02 07:49:48	1	0	15	0
    77031	2017-02-02 07:52:31	1	0	15	0
    72085	2017-02-02 07:53:02	1	0	15	0
    74121	2017-02-02 07:53:26	1	0	1	0
    79029	2017-02-02 07:57:59	1	0	15	0
    30019	2017-02-02 08:02:00	1	0	15	0
    82150	2017-02-02 08:03:18	1	0	15	0
    85035	2017-02-02 08:06:22	1	0	15	0
    30015	2017-02-02 08:08:57	1	0	1	0
    65017	2017-02-02 08:09:29	1	0	15	0
    30062	2017-02-02 08:11:22	1	0	1	0
    70053	2017-02-02 08:30:08	1	0	1	0
    85087	2017-02-02 09:42:00	1	0	1	0
    80149	2017-02-02 09:49:26	1	0	1	0
    81046	2017-02-02 09:59:57	1	0	1	0
    30019	2017-02-02 12:00:06	1	0	15	0
    30062	2017-02-02 12:00:23	1	0	1	0
    72009	2017-02-02 12:00:45	1	0	15	0
    66061	2017-02-02 12:01:04	1	0	15	0
    77126	2017-02-02 12:01:50	1	0	15	0
    30063	2017-02-02 12:02:15	1	0	1	0
    61024	2017-02-02 12:02:30	1	0	15	0
    83126	2017-02-02 12:02:48	1	0	15	0
    83102	2017-02-02 12:02:54	1	0	15	0
    71009	2017-02-02 12:03:02	1	0	15	0
    85138	2017-02-02 12:03:11	1	0	15	0
    94011	2017-02-02 12:03:16	1	0	1	0
    77031	2017-02-02 12:03:34	1	0	15	0
    72085	2017-02-02 12:03:40	1	0	15	0
    30055	2017-02-02 12:04:07	1	0	15	0
    30054	2017-02-02 12:04:52	1	0	15	0
    30015	2017-02-02 12:05:14	1	0	1	0
    74121	2017-02-02 12:06:54	1	0	15	0
    82150	2017-02-02 12:07:28	1	0	15	0
    30056	2017-02-02 12:07:43	1	0	15	0
    75132	2017-02-02 12:08:34	1	0	1	0
    30040	2017-02-02 12:08:55	1	0	1	0
    80122	2017-02-02 12:09:18	1	0	15	0
    92078	2017-02-02 12:09:36	1	0	15	0
    89054	2017-02-02 12:09:49	1	0	15	0
    30057	2017-02-02 12:10:11	1	0	15	0
    30051	2017-02-02 12:10:28	1	0	15	0
    65017	2017-02-02 12:13:24	1	0	15	0
    95004	2017-02-02 12:13:38	1	0	15	0
    92018	2017-02-02 12:13:52	1	0	15	0
    85035	2017-02-02 12:18:30	1	0	15	0
    30054	2017-02-02 12:31:29	1	0	15	0
    30056	2017-02-02 12:31:35	1	0	15	0
    30055	2017-02-02 12:31:56	1	0	15	0
    66061	2017-02-02 12:32:07	1	0	15	0
    77126	2017-02-02 12:32:18	1	0	15	0
    77031	2017-02-02 12:32:32	1	0	15	0
    30062	2017-02-02 12:33:11	1	0	1	0
    30063	2017-02-02 12:33:21	1	0	15	0
    72009	2017-02-02 12:33:29	1	0	15	0
    85138	2017-02-02 12:33:59	1	0	1	0
    83102	2017-02-02 12:34:01	1	0	1	0
    72085	2017-02-02 12:34:04	1	0	1	0
    77080	2017-02-02 12:34:13	1	0	15	0
    92078	2017-02-02 12:34:56	1	0	15	0
    80122	2017-02-02 12:35:26	1	0	15	0
    85035	2017-02-02 12:35:31	1	0	15	0
    95004	2017-02-02 12:35:41	1	0	15	0
    92018	2017-02-02 12:36:10	1	0	15	0
    30040	2017-02-02 12:36:20	1	0	1	0
    30019	2017-02-02 12:37:29	1	0	15	0
    30040	2017-02-02 12:37:36	1	0	15	0
    30057	2017-02-02 12:39:48	1	0	15	0
    30051	2017-02-02 12:39:55	1	0	15	0
    75132	2017-02-02 12:40:45	1	0	1	0
    83126	2017-02-02 12:40:54	1	0	1	0
    71009	2017-02-02 12:44:48	1	0	15	0
    65017	2017-02-02 12:47:20	1	0	15	0
    89054	2017-02-02 12:47:35	1	0	15	0
    74121	2017-02-02 12:47:51	1	0	15	0
    30015	2017-02-02 12:47:59	1	0	1	0
    94011	2017-02-02 12:48:26	1	0	1	0
    70053	2017-02-02 12:51:01	1	0	1	0
    79132	2017-02-02 12:51:50	1	0	15	0
    76004	2017-02-02 12:52:14	1	0	15	0
    82150	2017-02-02 12:52:53	1	0	15	0
    79053	2017-02-02 12:57:41	1	0	1	0
    91051	2017-02-02 14:00:08	1	0	15	0
    85103	2017-02-02 14:00:13	1	0	15	0
    91048	2017-02-02 14:05:28	1	0	15	0
    73071	2017-02-02 14:05:50	1	0	15	0
    93017	2017-02-02 14:06:06	1	0	15	0
    88036	2017-02-02 14:20:04	1	0	15	0
    84157	2017-02-02 14:28:25	1	0	15	0
    77067	2017-02-02 14:33:47	1	0	15	0
    83112	2017-02-02 14:34:27	1	0	15	0
    30049	2017-02-02 14:34:44	1	0	1	0
    74119	2017-02-02 14:36:34	1	0	15	0
    87128	2017-02-02 14:36:49	1	0	1	0
    84004	2017-02-02 14:38:59	1	0	15	0
    94017	2017-02-02 14:47:15	1	0	15	0
    82155	2017-02-02 14:47:21	1	0	15	0
    85024	2017-02-02 14:58:27	1	0	15	0
    83106	2017-02-02 15:00:30	1	0	15	0
    72031	2017-02-02 15:01:11	1	0	15	0
    72111	2017-02-02 15:01:32	1	0	1	0
    58049	2017-02-02 15:01:54	1	0	15	0
    58049	2017-02-02 15:03:01	1	0	15	0
    57020	2017-02-02 15:10:24	1	0	15	0
    85150	2017-02-02 15:10:30	1	0	15	0
    94042	2017-02-02 15:12:58	1	0	15	0
    30021	2017-02-02 15:14:06	1	0	15	0
     1117	2017-02-02 15:14:45	1	0	15	0
    89088	2017-02-02 15:15:06	1	0	15	0
    30023	2017-02-02 15:16:44	1	0	15	0
    91069	2017-02-02 15:17:20	1	0	1	0
    91049	2017-02-02 15:17:31	1	0	1	0
    88017	2017-02-02 15:17:46	1	0	1	0
    88032	2017-02-02 15:20:08	1	0	1	0
    30010	2017-02-02 15:27:08	1	0	15	0
    30065	2017-02-02 15:28:31	1	0	15	0
    30066	2017-02-02 15:29:31	1	0	15	0
    74034	2017-02-02 15:31:57	1	0	15	0
    81097	2017-02-02 15:55:02	1	0	15	0
    66061	2017-02-02 17:00:15	1	0	15	0
    72009	2017-02-02 17:00:51	1	0	15	0
    79132	2017-02-02 17:01:05	1	0	15	0
    75132	2017-02-02 17:01:14	1	0	1	0
    83126	2017-02-02 17:01:20	1	0	1	0
    71009	2017-02-02 17:01:25	1	0	1	0
    77126	2017-02-02 17:01:34	1	0	1	0
    30019	2017-02-02 17:01:40	1	0	15	0
    85138	2017-02-02 17:01:50	1	0	1	0
    30040	2017-02-02 17:01:59	1	0	1	0
    82150	2017-02-02 17:02:10	1	0	15	0
    61024	2017-02-02 17:02:16	1	0	15	0
    77080	2017-02-02 17:02:29	1	0	15	0
    30063	2017-02-02 17:02:39	1	0	15	0
    30062	2017-02-02 17:02:47	1	0	1	0
    85035	2017-02-02 17:03:12	1	0	15	0
    92078	2017-02-02 17:03:20	1	0	15	0
    30015	2017-02-02 17:03:28	1	0	1	0
    74121	2017-02-02 17:03:40	1	0	15	0
    80122	2017-02-02 17:03:52	1	0	15	0
    89054	2017-02-02 17:03:59	1	0	15	0
    30057	2017-02-02 17:04:02	1	0	1	0
    30051	2017-02-02 17:04:10	1	0	1	0
    95004	2017-02-02 17:04:16	1	0	1	0
    92018	2017-02-02 17:04:19	1	0	1	0
    30055	2017-02-02 17:04:36	1	0	1	0
    79053	2017-02-02 17:04:42	1	0	1	0
    30056	2017-02-02 17:05:12	1	0	15	0
    72085	2017-02-02 17:06:16	1	0	15	0
    70053	2017-02-02 17:06:43	1	0	1	0
    56063	2017-02-02 17:09:20	1	0	15	0
    77031	2017-02-02 17:10:03	1	0	15	0
    30054	2017-02-02 17:11:16	1	0	15	0
    76004	2017-02-02 17:14:05	1	0	15	0
    65017	2017-02-02 17:24:47	1	0	15	0
    83102	2017-02-02 17:26:13	1	0	1	0
    60066	2017-02-02 17:49:48	1	0	15	0
    30022	2017-02-02 22:11:49	1	0	1	0
     1119	2017-02-02 22:13:32	1	0	1	0
    84110	2017-02-02 22:18:37	1	0	15	0
    88135	2017-02-02 22:18:57	1	0	15	0
    78064	2017-02-02 22:20:11	1	0	15	0
    75098	2017-02-02 22:20:22	1	0	15	0
    88130	2017-02-02 22:33:34	1	0	15	0
    70014	2017-02-02 22:35:29	1	0	1	0
    87136	2017-02-02 22:39:28	1	0	1	0
    91040	2017-02-02 22:42:07	1	0	15	0
    92027	2017-02-02 22:42:17	1	0	15	0
    62015	2017-02-02 22:42:39	1	0	15	0
    73071	2017-02-02 23:00:51	1	0	15	0
    91048	2017-02-02 23:01:09	1	0	1	0
    30010	2017-02-02 23:01:23	1	0	1	0
    94017	2017-02-02 23:01:49	1	0	15	0
    88036	2017-02-02 23:01:53	1	0	15	0
    82155	2017-02-02 23:01:57	1	0	1	0
    85024	2017-02-02 23:02:03	1	0	15	0
    30049	2017-02-02 23:02:08	1	0	1	0
    87128	2017-02-02 23:02:15	1	0	1	0
    84004	2017-02-02 23:02:20	1	0	1	0
    84157	2017-02-02 23:02:35	1	0	1	0
    74119	2017-02-02 23:02:44	1	0	15	0
    64025	2017-02-02 23:02:51	1	0	1	0
    77067	2017-02-02 23:03:20	1	0	15	0
    60066	2017-02-03 06:07:16	1	0	15	0
    58049	2017-02-03 06:15:55	1	0	1	0
    53022	2017-02-03 06:37:33	1	0	1	0
    71009	2017-02-03 06:37:39	1	0	15	0
    30066	2017-02-03 06:40:31	1	0	15	0
    91049	2017-02-03 06:45:04	1	0	1	0
     1117	2017-02-03 06:48:46	1	0	15	0
    30021	2017-02-03 06:50:55	1	0	15	0
    88017	2017-02-03 06:52:08	1	0	1	0
    77118	2017-02-03 06:52:15	1	0	1	0
    30065	2017-02-03 06:53:35	1	0	1	0
    87082	2017-02-03 06:55:02	1	0	15	0
    85150	2017-02-03 06:57:28	1	0	15	0
    94042	2017-02-03 06:57:36	1	0	15	0
    72031	2017-02-03 06:57:44	1	0	15	0
     1119	2017-02-03 07:03:39	1	0	1	0
    83106	2017-02-03 07:04:40	1	0	15	0
    57020	2017-02-03 07:05:47	1	0	15	0
    78064	2017-02-03 07:08:01	1	0	15	0
    70014	2017-02-03 07:08:08	1	0	1	0
    87136	2017-02-03 07:08:17	1	0	1	0
    30022	2017-02-03 07:10:07	1	0	1	0
    88130	2017-02-03 07:10:34	1	0	15	0
    91040	2017-02-03 07:10:42	1	0	15	0
    30054	2017-02-03 07:14:35	1	0	15	0
    84110	2017-02-03 07:16:10	1	0	15	0
    88135	2017-02-03 07:16:18	1	0	15	0
    75098	2017-02-03 07:16:43	1	0	15	0
    55015	2017-02-03 07:20:49	1	0	15	0
    66061	2017-02-03 07:22:51	1	0	15	0
    30056	2017-02-03 07:23:53	1	0	15	0
    77031	2017-02-03 07:29:38	1	0	15	0
    85138	2017-02-03 07:34:49	1	0	1	0
    61024	2017-02-03 07:35:11	1	0	15	0
    72009	2017-02-03 07:38:49	1	0	15	0
    72085	2017-02-03 07:40:12	1	0	15	0
    84158	2017-02-03 07:41:38	1	0	1	0
    77126	2017-02-03 07:42:25	1	0	15	0
    62015	2017-02-03 07:43:50	1	0	15	0
    75132	2017-02-03 07:45:37	1	0	15	0
    94011	2017-02-03 07:45:51	1	0	1	0
    90074	2017-02-03 07:45:59	1	0	1	0
    30019	2017-02-03 07:46:16	1	0	1	0
    30051	2017-02-03 07:47:10	1	0	15	0
    30055	2017-02-03 07:47:25	1	0	15	0
    92078	2017-02-03 07:48:47	1	0	15	0
    74121	2017-02-03 07:50:17	1	0	15	0
    30062	2017-02-03 07:50:27	1	0	1	0
    30040	2017-02-03 07:52:57	1	0	1	0
    89054	2017-02-03 07:53:04	1	0	15	0
    79132	2017-02-03 07:56:52	1	0	15	0
    82150	2017-02-03 07:59:55	1	0	15	0
    80122	2017-02-03 08:00:02	1	0	15	0
    70053	2017-02-03 08:01:43	1	0	1	0
    79053	2017-02-03 08:02:07	1	0	15	0
    92027	2017-02-03 08:02:54	1	0	15	0
    65017	2017-02-03 08:04:59	1	0	15	0
    30015	2017-02-03 08:07:20	1	0	1	0
    85035	2017-02-03 08:09:20	1	0	1	0
    77049	2017-02-03 08:16:32	1	0	1	0
    77149	2017-02-03 08:16:37	1	0	1	0
    30063	2017-02-03 08:19:53	1	0	1	0
    75061	2017-02-03 08:34:09	1	0	15	0
    63019	2017-02-03 08:34:29	1	0	1	0
    79029	2017-02-03 08:34:33	1	0	15	0
    83112	2017-02-03 08:46:52	1	0	1	0
    85087	2017-02-03 09:45:54	1	0	1	0
    72085	2017-02-03 11:02:58	1	0	1	0
    30056	2017-02-03 12:01:04	1	0	15	0
    72009	2017-02-03 12:01:24	1	0	15	0
    77126	2017-02-03 12:01:44	1	0	15	0
    30063	2017-02-03 12:02:09	1	0	15	0
    30062	2017-02-03 12:02:47	1	0	1	0
    80122	2017-02-03 12:03:20	1	0	15	0
    85035	2017-02-03 12:03:24	1	0	15	0
    30054	2017-02-03 12:03:54	1	0	15	0
    30051	2017-02-03 12:04:12	1	0	1	0
    85138	2017-02-03 12:04:43	1	0	1	0
    30019	2017-02-03 12:04:55	1	0	15	0
    30040	2017-02-03 12:05:03	1	0	1	0
    92078	2017-02-03 12:05:11	1	0	15	0
    30015	2017-02-03 12:05:14	1	0	1	0
    79053	2017-02-03 12:05:23	1	0	1	0
    75132	2017-02-03 12:05:45	1	0	1	0
    30055	2017-02-03 12:07:05	1	0	1	0
    55015	2017-02-03 12:07:20	1	0	15	0
    89054	2017-02-03 12:07:37	1	0	15	0
    74121	2017-02-03 12:07:43	1	0	15	0
    79132	2017-02-03 12:08:22	1	0	15	0
    77031	2017-02-03 12:08:39	1	0	15	0
    72085	2017-02-03 12:09:59	1	0	15	0
    82150	2017-02-03 12:10:09	1	0	15	0
    70053	2017-02-03 12:10:39	1	0	1	0
    61024	2017-02-03 12:16:00	1	0	15	0
    76004	2017-02-03 12:25:00	1	0	15	0
    94011	2017-02-03 12:30:06	1	0	1	0
    94011	2017-02-03 12:31:12	1	0	15	0
    79132	2017-02-03 12:31:19	1	0	15	0
    82150	2017-02-03 12:31:36	1	0	15	0
    77126	2017-02-03 12:31:59	1	0	15	0
    72009	2017-02-03 12:32:14	1	0	15	0
    77031	2017-02-03 12:32:21	1	0	15	0
    85138	2017-02-03 12:32:37	1	0	15	0
    61024	2017-02-03 12:32:56	1	0	15	0
    74121	2017-02-03 12:33:05	1	0	15	0
    72085	2017-02-03 12:33:09	1	0	1	0
    92078	2017-02-03 12:33:29	1	0	15	0
    30015	2017-02-03 12:33:33	1	0	1	0
    55015	2017-02-03 12:34:07	1	0	15	0
    75132	2017-02-03 12:34:24	1	0	1	0
    85035	2017-02-03 12:34:41	1	0	15	0
    30040	2017-02-03 12:34:51	1	0	1	0
    65017	2017-02-03 12:35:30	1	0	15	0
    76004	2017-02-03 12:35:43	1	0	15	0
    89054	2017-02-03 12:35:49	1	0	15	0
    30062	2017-02-03 12:36:03	1	0	1	0
    30063	2017-02-03 12:36:08	1	0	15	0
    80122	2017-02-03 12:37:09	1	0	15	0
    79053	2017-02-03 12:37:31	1	0	1	0
    84158	2017-02-03 12:37:55	1	0	1	0
      123	2017-02-03 12:41:09	1	0	1	0
    78086	2017-02-03 12:42:53	1	0	15	0
    30054	2017-02-03 12:43:27	1	0	1	0
    30056	2017-02-03 12:43:33	1	0	1	0
    30055	2017-02-03 12:43:41	1	0	1	0
    30051	2017-02-03 12:54:47	1	0	15	0
    69007	2017-02-03 13:25:56	1	0	15	0
    30049	2017-02-03 14:33:03	1	0	1	0
    64025	2017-02-03 14:34:52	1	0	1	0
    87006	2017-02-03 14:37:37	1	0	1	0
    67038	2017-02-03 14:39:04	1	0	1	0
    74119	2017-02-03 14:40:49	1	0	15	0
    69017	2017-02-03 14:41:22	1	0	15	0
     1092	2017-02-03 14:43:26	1	0	15	0
    87128	2017-02-03 14:44:49	1	0	1	0
    83106	2017-02-03 15:00:03	1	0	1	0
     1117	2017-02-03 15:08:12	1	0	15	0
    73085	2017-02-03 15:09:47	1	0	15	0
    87082	2017-02-03 15:17:48	1	0	1	0
      123	2017-02-03 16:35:24	1	0	1	0
    30063	2017-02-03 17:00:23	1	0	15	0
    30062	2017-02-03 17:00:38	1	0	1	0
    77126	2017-02-03 17:01:12	1	0	15	0
    72009	2017-02-03 17:01:48	1	0	15	0
    61024	2017-02-03 17:02:02	1	0	15	0
    85138	2017-02-03 17:02:22	1	0	1	0
    30015	2017-02-03 17:02:26	1	0	1	0
    75132	2017-02-03 17:02:45	1	0	1	0
    82150	2017-02-03 17:02:51	1	0	1	0
    30040	2017-02-03 17:03:26	1	0	1	0
    30051	2017-02-03 17:03:32	1	0	1	0
    79053	2017-02-03 17:03:41	1	0	1	0
    30056	2017-02-03 17:03:48	1	0	1	0
    84158	2017-02-03 17:03:55	1	0	1	0
    89054	2017-02-03 17:04:17	1	0	15	0
    79132	2017-02-03 17:04:30	1	0	15	0
    77031	2017-02-03 17:06:23	1	0	15	0
    30055	2017-02-03 17:06:30	1	0	1	0
    30054	2017-02-03 17:10:52	1	0	1	0
    75061	2017-02-03 17:11:22	1	0	15	0
    85035	2017-02-03 17:12:47	1	0	15	0
    55015	2017-02-03 17:13:35	1	0	15	0
    70053	2017-02-03 17:17:00	1	0	1	0
    92078	2017-02-03 17:17:06	1	0	15	0
    80122	2017-02-03 17:17:21	1	0	15	0
    76004	2017-02-03 17:17:28	1	0	15	0
    65017	2017-02-03 17:17:42	1	0	15	0
    72085	2017-02-03 17:20:49	1	0	15	0
    30022	2017-02-03 21:24:47	1	0	1	0
    85112	2017-02-03 22:31:32	1	0	1	0
    93040	2017-02-03 22:41:53	1	0	15	0
    91040	2017-02-03 22:44:40	1	0	15	0
    73071	2017-02-03 22:44:51	1	0	15	0
    87006	2017-02-03 23:01:08	1	0	1	0
    30024	2017-02-03 23:02:51	1	0	15	0
     1092	2017-02-03 23:03:03	1	0	15	0
    88130	2017-02-04 06:51:09	1	0	15	0
    84110	2017-02-04 06:51:19	1	0	15	0
    77080	2017-02-04 06:59:44	1	0	15	0
    88032	2017-02-04 07:04:38	1	0	1	0
    93040	2017-02-04 07:14:58	1	0	15	0
    85112	2017-02-04 07:17:18	1	0	1	0
    55015	2017-02-04 07:28:41	1	0	15	0
    92078	2017-02-04 07:49:06	1	0	15	0
    84158	2017-02-04 07:54:49	1	0	15	0
    80122	2017-02-04 08:00:36	1	0	15	0
      123	2017-02-04 08:51:00	1	0	1	0
    84158	2017-02-04 12:02:12	1	0	15	0
    55015	2017-02-04 12:05:23	1	0	15	0
      123	2017-02-04 12:08:17	1	0	15	0
    92078	2017-02-04 12:09:38	1	0	15	0
    80122	2017-02-04 12:10:04	1	0	15	0
    55015	2017-02-04 12:48:30	1	0	15	0
    80122	2017-02-04 12:50:40	1	0	15	0
    84158	2017-02-04 12:54:10	1	0	1	0
      123	2017-02-04 12:57:03	1	0	15	0
      123	2017-02-04 13:53:15	1	0	15	0
    87006	2017-02-04 14:34:37	1	0	1	0
     1092	2017-02-04 14:48:22	1	0	15	0
    88032	2017-02-04 15:26:45	1	0	1	0
    84158	2017-02-04 17:01:03	1	0	1	0
    80122	2017-02-04 17:01:17	1	0	15	0
    55015	2017-02-04 17:04:48	1	0	15	0
    60066	2017-02-04 17:51:00	1	0	15	0
     1119	2017-02-04 22:14:55	1	0	1	0
    93040	2017-02-04 22:44:23	1	0	1	0
    87006	2017-02-04 23:02:50	1	0	1	0
    88032	2017-02-05 06:43:30	1	0	1	0
     1119	2017-02-05 07:03:48	1	0	1	0
    93040	2017-02-05 07:04:59	1	0	15	0
    77126	2017-02-05 07:34:29	1	0	15	0
    85138	2017-02-05 07:43:30	1	0	1	0
    90074	2017-02-05 07:44:02	1	0	15	0
    75132	2017-02-05 07:53:00	1	0	1	0
    84158	2017-02-05 07:59:27	1	0	1	0
    92078	2017-02-05 07:59:32	1	0	1	0
    94011	2017-02-05 08:02:43	1	0	1	0
    85035	2017-02-05 08:10:05	1	0	1	0
    74121	2017-02-05 08:11:53	1	0	15	0
    84158	2017-02-05 12:03:25	1	0	15	0
    85138	2017-02-05 12:04:22	1	0	1	0
    77126	2017-02-05 12:07:25	1	0	15	0
    94011	2017-02-05 12:11:34	1	0	1	0
    75132	2017-02-05 12:13:44	1	0	1	0
    92078	2017-02-05 12:13:49	1	0	1	0
    77157	2017-02-05 12:16:13	1	0	15	0
    77126	2017-02-05 12:36:48	1	0	15	0
    92078	2017-02-05 12:38:53	1	0	15	0
    85035	2017-02-05 12:39:14	1	0	1	0
    94011	2017-02-05 12:47:35	1	0	1	0
    30024	2017-02-05 14:44:38	1	0	1	0
    84095	2017-02-05 14:52:44	1	0	15	0
    74034	2017-02-05 14:53:56	1	0	15	0
    91069	2017-02-05 14:54:04	1	0	1	0
    88032	2017-02-05 15:19:09	1	0	15	0
    94011	2017-02-05 17:00:00	1	0	15	0
    85035	2017-02-05 17:00:25	1	0	15	0
    92078	2017-02-05 17:01:05	1	0	15	0
    85138	2017-02-05 17:01:09	1	0	1	0
    75132	2017-02-05 17:01:20	1	0	1	0
    84158	2017-02-05 17:01:27	1	0	1	0
    74121	2017-02-05 17:01:31	1	0	1	0
    77126	2017-02-05 17:02:02	1	0	15	0
    93040	2017-02-05 22:37:50	1	0	1	0
    87006	2017-02-05 22:38:20	1	0	1	0
    84095	2017-02-05 23:02:40	1	0	15	0
    77157	2017-02-06 06:10:35	1	0	15	0
    79132	2017-02-06 06:57:39	1	0	15	0
    87006	2017-02-06 07:01:06	1	0	1	0
    93040	2017-02-06 07:02:09	1	0	15	0
    30053	2017-02-06 07:20:44	1	0	15	0
    61024	2017-02-06 07:28:07	1	0	15	0
    55015	2017-02-06 07:31:51	1	0	15	0
    85138	2017-02-06 07:32:31	1	0	1	0
    77031	2017-02-06 07:35:22	1	0	15	0
    77126	2017-02-06 07:44:02	1	0	15	0
    94011	2017-02-06 07:44:49	1	0	1	0
    75132	2017-02-06 07:47:25	1	0	15	0
    30064	2017-02-06 07:51:28	1	0	15	0
    30052	2017-02-06 07:51:37	1	0	15	0
    30062	2017-02-06 07:52:14	1	0	1	0
    74121	2017-02-06 07:52:43	1	0	15	0
    92078	2017-02-06 07:53:23	1	0	1	0
    70053	2017-02-06 07:56:38	1	0	15	0
    80122	2017-02-06 08:01:06	1	0	1	0
    82150	2017-02-06 08:01:26	1	0	15	0
    79053	2017-02-06 08:01:44	1	0	1	0
    30040	2017-02-06 08:03:01	1	0	1	0
    65017	2017-02-06 08:04:08	1	0	15	0
    30063	2017-02-06 08:11:02	1	0	15	0
    87103	2017-02-06 08:13:09	1	0	1	0
    30015	2017-02-06 08:27:24	1	0	1	0
    61032	2017-02-06 08:33:27	1	0	15	0
    70069	2017-02-06 12:01:29	1	0	15	0
    77031	2017-02-06 12:01:34	1	0	15	0
    72085	2017-02-06 12:01:39	1	0	15	0
    77126	2017-02-06 12:01:50	1	0	15	0
    83102	2017-02-06 12:01:55	1	0	15	0
    61024	2017-02-06 12:02:05	1	0	15	0
    85138	2017-02-06 12:02:18	1	0	15	0
    30062	2017-02-06 12:02:26	1	0	1	0
    30063	2017-02-06 12:02:34	1	0	15	0
    84158	2017-02-06 12:03:07	1	0	1	0
    30040	2017-02-06 12:03:34	1	0	1	0
    30015	2017-02-06 12:03:52	1	0	1	0
    94011	2017-02-06 12:04:08	1	0	1	0
    30064	2017-02-06 12:04:22	1	0	1	0
    30052	2017-02-06 12:04:28	1	0	1	0
    79053	2017-02-06 12:04:31	1	0	1	0
    74121	2017-02-06 12:04:36	1	0	1	0
    30053	2017-02-06 12:04:40	1	0	15	0
    92078	2017-02-06 12:05:48	1	0	15	0
    61032	2017-02-06 12:07:06	1	0	1	0
    75132	2017-02-06 12:07:23	1	0	1	0
    80122	2017-02-06 12:07:51	1	0	1	0
    65017	2017-02-06 12:15:41	1	0	15	0
    70053	2017-02-06 12:15:59	1	0	1	0
    55015	2017-02-06 12:18:28	1	0	15	0
    82150	2017-02-06 12:28:04	1	0	15	0
    30062	2017-02-06 12:31:26	1	0	1	0
    30063	2017-02-06 12:31:35	1	0	15	0
    77031	2017-02-06 12:31:44	1	0	15	0
    83102	2017-02-06 12:32:01	1	0	1	0
    82150	2017-02-06 12:32:19	1	0	15	0
    30015	2017-02-06 12:32:37	1	0	1	0
    85138	2017-02-06 12:32:50	1	0	1	0
    61032	2017-02-06 12:33:08	1	0	1	0
    77126	2017-02-06 12:33:22	1	0	15	0
    72085	2017-02-06 12:33:42	1	0	15	0
    92078	2017-02-06 12:34:56	1	0	1	0
    87103	2017-02-06 12:34:59	1	0	1	0
    80122	2017-02-06 12:35:06	1	0	1	0
    61024	2017-02-06 12:35:25	1	0	15	0
    75132	2017-02-06 12:35:43	1	0	1	0
    30040	2017-02-06 12:38:04	1	0	1	0
    65017	2017-02-06 12:44:41	1	0	15	0
    79053	2017-02-06 12:44:50	1	0	15	0
    55015	2017-02-06 12:45:28	1	0	15	0
    76004	2017-02-06 12:48:15	1	0	15	0
    30053	2017-02-06 12:48:44	1	0	15	0
    30064	2017-02-06 12:48:48	1	0	1	0
    30052	2017-02-06 12:48:51	1	0	1	0
    70053	2017-02-06 13:00:03	1	0	1	0
    30010	2017-02-06 15:06:28	1	0	15	0
    79132	2017-02-06 17:00:12	1	0	15	0
    82150	2017-02-06 17:01:08	1	0	15	0
    61032	2017-02-06 17:01:23	1	0	1	0
    61024	2017-02-06 17:02:02	1	0	1	0
    70069	2017-02-06 17:03:30	1	0	15	0
    77126	2017-02-06 17:03:40	1	0	15	0
    30040	2017-02-06 17:03:52	1	0	1	0
    75132	2017-02-06 17:03:58	1	0	1	0
    77031	2017-02-06 17:04:09	1	0	15	0
    30015	2017-02-06 17:04:16	1	0	1	0
    85138	2017-02-06 17:04:31	1	0	1	0
    30062	2017-02-06 17:05:02	1	0	1	0
    30063	2017-02-06 17:05:07	1	0	15	0
    79053	2017-02-06 17:05:12	1	0	1	0
    89054	2017-02-06 17:05:23	1	0	15	0
    30053	2017-02-06 17:05:31	1	0	15	0
    83102	2017-02-06 17:05:56	1	0	1	0
    84158	2017-02-06 17:06:02	1	0	1	0
    30064	2017-02-06 17:06:38	1	0	15	0
    30052	2017-02-06 17:07:06	1	0	1	0
    72085	2017-02-06 17:07:15	1	0	1	0
    92078	2017-02-06 17:07:24	1	0	1	0
    80122	2017-02-06 17:07:31	1	0	1	0
    94011	2017-02-06 17:07:55	1	0	1	0
    76004	2017-02-06 17:09:39	1	0	15	0
    65017	2017-02-06 17:12:41	1	0	15	0
    55015	2017-02-06 17:13:32	1	0	15	0
    75061	2017-02-06 17:16:05	1	0	15	0
    70053	2017-02-06 17:17:42	1	0	15	0
    64025	2017-02-07 06:38:30	1	0	15	0
    67038	2017-02-07 07:01:20	1	0	1	0
    61024	2017-02-07 07:14:07	1	0	15	0
    30053	2017-02-07 07:19:20	1	0	15	0
    61032	2017-02-07 07:21:37	1	0	1	0
    85138	2017-02-07 07:26:46	1	0	1	0
    55015	2017-02-07 07:27:24	1	0	15	0
    30019	2017-02-07 07:33:59	1	0	15	0
    77031	2017-02-07 07:35:52	1	0	15	0
    72085	2017-02-07 07:38:42	1	0	15	0
    77126	2017-02-07 07:45:28	1	0	15	0
    30052	2017-02-07 07:46:09	1	0	15	0
    30064	2017-02-07 07:46:22	1	0	1	0
    92078	2017-02-07 07:47:30	1	0	1	0
    70069	2017-02-07 07:49:44	1	0	15	0
    94011	2017-02-07 07:51:13	1	0	1	0
    85035	2017-02-07 07:52:42	1	0	15	0
    30015	2017-02-07 07:54:20	1	0	1	0
    80122	2017-02-07 07:54:58	1	0	1	0
    75061	2017-02-07 07:55:04	1	0	15	0
    30040	2017-02-07 07:56:41	1	0	1	0
    82150	2017-02-07 07:58:15	1	0	15	0
    70053	2017-02-07 07:58:40	1	0	15	0
    79053	2017-02-07 07:58:43	1	0	1	0
    79132	2017-02-07 07:59:11	1	0	15	0
    87103	2017-02-07 08:13:02	1	0	1	0
    30062	2017-02-07 08:15:56	1	0	1	0
    57044	2017-02-07 08:18:41	1	0	15	0
    30063	2017-02-07 08:25:06	1	0	1	0
    77031	2017-02-07 12:00:30	1	0	15	0
    79132	2017-02-07 12:01:04	1	0	15	0
    85138	2017-02-07 12:01:17	1	0	1	0
    61032	2017-02-07 12:01:34	1	0	15	0
    79053	2017-02-07 12:02:09	1	0	1	0
    30052	2017-02-07 12:02:19	1	0	1	0
    30064	2017-02-07 12:02:23	1	0	1	0
    30062	2017-02-07 12:02:45	1	0	1	0
    30063	2017-02-07 12:02:56	1	0	1	0
    55015	2017-02-07 12:03:20	1	0	15	0
    70053	2017-02-07 12:03:35	1	0	1	0
    30053	2017-02-07 12:03:40	1	0	15	0
    30019	2017-02-07 12:06:38	1	0	15	0
    77126	2017-02-07 12:07:01	1	0	15	0
    61024	2017-02-07 12:07:53	1	0	1	0
    94011	2017-02-07 12:09:07	1	0	1	0
    83102	2017-02-07 12:15:09	1	0	1	0
    72085	2017-02-07 12:15:51	1	0	15	0
    30053	2017-02-07 12:17:47	1	0	15	0
    81097	2017-02-07 12:18:42	1	0	15	0
    85035	2017-02-07 12:18:53	1	0	15	0
    30040	2017-02-07 12:19:02	1	0	1	0
    30064	2017-02-07 12:19:23	1	0	1	0
    30052	2017-02-07 12:19:39	1	0	15	0
    92078	2017-02-07 12:19:48	1	0	15	0
    80122	2017-02-07 12:20:37	1	0	1	0
    30015	2017-02-07 12:20:55	1	0	1	0
    65017	2017-02-07 12:27:25	1	0	15	0
    30062	2017-02-07 12:28:23	1	0	1	0
    76004	2017-02-07 12:28:34	1	0	15	0
    30063	2017-02-07 12:29:05	1	0	15	0
    77031	2017-02-07 12:31:03	1	0	15	0
    72085	2017-02-07 12:31:16	1	0	15	0
    30040	2017-02-07 12:32:42	1	0	1	0
    61024	2017-02-07 12:34:21	1	0	1	0
    92078	2017-02-07 12:34:32	1	0	15	0
    77126	2017-02-07 12:34:43	1	0	1	0
    85138	2017-02-07 12:36:11	1	0	1	0
    61032	2017-02-07 12:36:21	1	0	1	0
    58026	2017-02-07 12:36:39	1	0	1	0
    79132	2017-02-07 12:38:43	1	0	15	0
    85035	2017-02-07 12:40:28	1	0	15	0
    83102	2017-02-07 12:40:38	1	0	1	0
    30015	2017-02-07 12:41:07	1	0	1	0
    80122	2017-02-07 12:41:16	1	0	1	0
    55015	2017-02-07 12:41:39	1	0	15	0
    30053	2017-02-07 12:44:01	1	0	15	0
    30064	2017-02-07 12:44:03	1	0	1	0
    30052	2017-02-07 12:44:07	1	0	1	0
    70053	2017-02-07 12:46:51	1	0	1	0
    79053	2017-02-07 12:50:57	1	0	1	0
    87103	2017-02-07 13:00:45	1	0	1	0
    67038	2017-02-07 15:25:37	1	0	1	0
    30063	2017-02-07 17:00:10	1	0	15	0
    30062	2017-02-07 17:00:45	1	0	1	0
    61032	2017-02-07 17:01:26	1	0	1	0
    83102	2017-02-07 17:01:35	1	0	1	0
    79132	2017-02-07 17:01:36	1	0	15	0
    85138	2017-02-07 17:01:48	1	0	1	0
    77031	2017-02-07 17:02:22	1	0	15	0
    82150	2017-02-07 17:02:28	1	0	15	0
    77126	2017-02-07 17:02:52	1	0	15	0
    61024	2017-02-07 17:03:08	1	0	1	0
    30040	2017-02-07 17:03:15	1	0	1	0
    30064	2017-02-07 17:03:20	1	0	1	0
    30053	2017-02-07 17:03:26	1	0	15	0
    30052	2017-02-07 17:03:30	1	0	1	0
    30019	2017-02-07 17:05:34	1	0	15	0
    87103	2017-02-07 17:07:01	1	0	1	0
    76004	2017-02-07 17:08:12	1	0	15	0
    72085	2017-02-07 17:08:18	1	0	15	0
    94011	2017-02-07 17:10:39	1	0	1	0
    55015	2017-02-07 17:11:25	1	0	15	0
    85035	2017-02-07 17:13:32	1	0	15	0
    92078	2017-02-07 17:13:38	1	0	1	0
    80122	2017-02-07 17:13:50	1	0	1	0
    75061	2017-02-07 17:16:29	1	0	15	0
    79053	2017-02-07 17:18:56	1	0	1	0
    65017	2017-02-07 17:26:46	1	0	15	0
    77157	2017-02-07 17:50:50	1	0	15	0
    93040	2017-02-07 22:47:50	1	0	15	0
    77157	2017-02-08 06:08:07	1	0	1	0
    93040	2017-02-08 07:10:36	1	0	15	0
    73071	2017-02-08 07:10:50	1	0	15	0
    85138	2017-02-08 07:26:05	1	0	1	0
    61024	2017-02-08 07:38:16	1	0	1	0
    70069	2017-02-08 07:39:26	1	0	15	0
    77031	2017-02-08 07:41:22	1	0	15	0
    61032	2017-02-08 07:44:05	1	0	1	0
    92078	2017-02-08 07:47:23	1	0	15	0
    77126	2017-02-08 07:48:04	1	0	15	0
    74121	2017-02-08 07:48:40	1	0	15	0
    94011	2017-02-08 07:49:29	1	0	1	0
    79132	2017-02-08 07:52:30	1	0	15	0
    80122	2017-02-08 07:57:20	1	0	1	0
    85035	2017-02-08 07:57:40	1	0	15	0
    75061	2017-02-08 07:57:50	1	0	15	0
    30062	2017-02-08 08:00:36	1	0	1	0
    79053	2017-02-08 08:01:20	1	0	1	0
    30015	2017-02-08 08:01:24	1	0	1	0
    30063	2017-02-08 08:01:39	1	0	15	0
    82150	2017-02-08 08:03:12	1	0	15	0
    30019	2017-02-08 08:04:04	1	0	15	0
    65017	2017-02-08 08:09:09	1	0	15	0
    87103	2017-02-08 08:09:17	1	0	1	0
    70053	2017-02-08 08:11:00	1	0	1	0
    76004	2017-02-08 08:11:45	1	0	15	0
    77126	2017-02-08 12:01:10	1	0	15	0
    30063	2017-02-08 12:01:43	1	0	15	0
    30062	2017-02-08 12:02:30	1	0	1	0
    61024	2017-02-08 12:03:13	1	0	15	0
    61032	2017-02-08 12:03:26	1	0	1	0
    85138	2017-02-08 12:03:51	1	0	1	0
    85035	2017-02-08 12:04:34	1	0	15	0
    30015	2017-02-08 12:05:29	1	0	1	0
    74121	2017-02-08 12:05:34	1	0	15	0
    77031	2017-02-08 12:06:11	1	0	15	0
    94011	2017-02-08 12:09:18	1	0	1	0
    83102	2017-02-08 12:09:23	1	0	15	0
    70069	2017-02-08 12:10:47	1	0	15	0
    76004	2017-02-08 12:12:15	1	0	15	0
    79053	2017-02-08 12:12:55	1	0	1	0
    92078	2017-02-08 12:13:10	1	0	15	0
    70053	2017-02-08 12:19:43	1	0	1	0
    80122	2017-02-08 12:23:03	1	0	1	0
    65017	2017-02-08 12:24:45	1	0	15	0
    82150	2017-02-08 12:27:40	1	0	15	0
    30063	2017-02-08 12:33:08	1	0	15	0
    30062	2017-02-08 12:33:28	1	0	1	0
    82150	2017-02-08 12:34:08	1	0	15	0
    83102	2017-02-08 12:34:13	1	0	15	0
    77031	2017-02-08 12:34:17	1	0	15	0
    79132	2017-02-08 12:34:30	1	0	15	0
    77126	2017-02-08 12:34:42	1	0	15	0
    77080	2017-02-08 12:35:10	1	0	15	0
    76004	2017-02-08 12:39:17	1	0	15	0
    30019	2017-02-08 12:40:56	1	0	15	0
    94011	2017-02-08 12:41:18	1	0	1	0
    61024	2017-02-08 12:42:24	1	0	1	0
    70053	2017-02-08 12:45:22	1	0	1	0
    72085	2017-02-08 12:46:06	1	0	15	0
    70069	2017-02-08 12:47:12	1	0	15	0
    92078	2017-02-08 12:47:27	1	0	1	0
    80122	2017-02-08 12:47:42	1	0	15	0
    30015	2017-02-08 12:53:12	1	0	1	0
    74121	2017-02-08 12:53:18	1	0	15	0
    79053	2017-02-08 12:57:48	1	0	15	0
    65017	2017-02-08 13:02:03	1	0	15	0
    87006	2017-02-08 14:26:44	1	0	1	0
    30016	2017-02-08 16:34:35	1	0	15	0
    82150	2017-02-08 17:01:26	1	0	15	0
    87103	2017-02-08 17:01:32	1	0	1	0
    74121	2017-02-08 17:01:37	1	0	1	0
    85138	2017-02-08 17:01:42	1	0	1	0
    30015	2017-02-08 17:01:46	1	0	1	0
    79132	2017-02-08 17:02:16	1	0	15	0
    70069	2017-02-08 17:02:23	1	0	15	0
    72009	2017-02-08 17:02:30	1	0	15	0
    30063	2017-02-08 17:02:42	1	0	15	0
    30062	2017-02-08 17:02:48	1	0	1	0
    30019	2017-02-08 17:02:57	1	0	15	0
    77126	2017-02-08 17:03:01	1	0	15	0
    72085	2017-02-08 17:03:19	1	0	15	0
    77031	2017-02-08 17:03:31	1	0	15	0
    76004	2017-02-08 17:03:50	1	0	15	0
    61024	2017-02-08 17:04:00	1	0	1	0
    79053	2017-02-08 17:04:05	1	0	1	0
    83102	2017-02-08 17:05:04	1	0	1	0
    70053	2017-02-08 17:07:50	1	0	1	0
    92078	2017-02-08 17:09:08	1	0	1	0
    65017	2017-02-08 17:11:15	1	0	15	0
    94011	2017-02-08 17:15:36	1	0	1	0
    80122	2017-02-08 17:15:51	1	0	1	0
    75061	2017-02-08 17:19:55	1	0	15	0
    93040	2017-02-08 22:44:12	1	0	15	0
    93040	2017-02-09 07:05:09	1	0	15	0
    61024	2017-02-09 07:12:16	1	0	1	0
    30054	2017-02-09 07:22:44	1	0	1	0
    30056	2017-02-09 07:22:50	1	0	1	0
    30051	2017-02-09 07:22:56	1	0	1	0
    55015	2017-02-09 07:24:51	1	0	15	0
    77031	2017-02-09 07:31:07	1	0	15	0
    74121	2017-02-09 07:32:53	1	0	1	0
    30057	2017-02-09 07:33:02	1	0	1	0
    84158	2017-02-09 07:36:50	1	0	15	0
    70069	2017-02-09 07:37:21	1	0	15	0
    30055	2017-02-09 07:37:47	1	0	1	0
    92078	2017-02-09 07:43:34	1	0	1	0
    77126	2017-02-09 07:49:06	1	0	1	0
    94011	2017-02-09 07:52:50	1	0	1	0
    80122	2017-02-09 07:57:58	1	0	15	0
    79132	2017-02-09 07:58:17	1	0	15	0
    82150	2017-02-09 07:59:12	1	0	15	0
    75061	2017-02-09 07:59:52	1	0	15	0
    30063	2017-02-09 08:03:24	1	0	15	0
    30062	2017-02-09 08:05:17	1	0	1	0
    30019	2017-02-09 08:06:00	1	0	15	0
    79053	2017-02-09 08:07:26	1	0	1	0
    70053	2017-02-09 08:09:55	1	0	1	0
    87103	2017-02-09 08:10:12	1	0	1	0
    65017	2017-02-09 08:16:27	1	0	15	0
