    87129	2017-01-19 09:52:29	1	0	1	0
    87129	2017-01-19 09:52:31	1	0	1	0
    82150	2017-01-19 10:16:08	1	0	15	0
    82150	2017-01-19 10:16:09	1	0	15	0
    82150	2017-01-19 10:16:21	1	0	15	0
    82150	2017-01-19 10:16:22	1	0	15	0
    82156	2017-01-19 10:57:01	1	0	15	0
    94011	2017-01-19 10:58:39	1	0	1	0
    82150	2017-01-19 11:01:33	1	0	15	0
    87129	2017-02-03 09:09:34	1	0	1	0
    87129	2017-02-03 09:10:16	1	0	1	0
    87129	2017-02-03 09:10:17	1	0	1	0
    87129	2017-02-03 09:10:18	1	0	1	0
    87129	2017-02-03 09:10:19	1	0	1	0
    87129	2017-02-03 09:10:21	1	0	1	0
    87129	2017-02-03 09:10:22	1	0	1	0
    71009	2017-02-03 12:01:16	1	0	15	0
    95004	2017-02-03 12:01:55	1	0	15	0
    95004	2017-02-03 12:01:57	1	0	15	0
    95004	2017-02-03 12:02:02	1	0	15	0
    95004	2017-02-03 12:02:04	1	0	15	0
    92018	2017-02-03 12:02:08	1	0	15	0
    92018	2017-02-03 12:02:10	1	0	15	0
    93005	2017-02-03 12:02:28	1	0	15	0
    93005	2017-02-03 12:02:29	1	0	15	0
    72009	2017-02-03 12:03:27	1	0	15	0
    72009	2017-02-03 12:03:29	1	0	15	0
    72009	2017-02-03 12:03:31	1	0	15	0
    66061	2017-02-03 12:03:36	1	0	15	0
    66061	2017-02-03 12:03:39	1	0	15	0
    66061	2017-02-03 12:03:41	1	0	15	0
    77126	2017-02-03 12:04:18	1	0	15	0
    77126	2017-02-03 12:04:20	1	0	15	0
    84158	2017-02-03 12:09:50	1	0	1	0
    63019	2017-02-03 12:14:44	1	0	1	0
    56023	2017-02-03 12:17:16	1	0	15	0
    61024	2017-02-03 12:20:04	1	0	15	0
    61024	2017-02-03 12:20:06	1	0	15	0
    61024	2017-02-03 12:31:07	1	0	15	0
    61024	2017-02-03 12:31:09	1	0	15	0
    70082	2017-02-03 12:31:16	1	0	15	0
    70082	2017-02-03 12:31:18	1	0	15	0
    70082	2017-02-03 12:31:21	1	0	15	0
    95004	2017-02-03 12:33:43	1	0	15	0
    95004	2017-02-03 12:33:45	1	0	15	0
    58026	2017-02-03 12:34:10	1	0	1	0
    58026	2017-02-03 12:34:12	1	0	1	0
    71009	2017-02-03 12:34:25	1	0	15	0
    71009	2017-02-03 12:34:26	1	0	15	0
    85140	2017-02-03 12:34:31	1	0	15	0
    85140	2017-02-03 12:34:33	1	0	15	0
    92018	2017-02-03 12:34:37	1	0	15	0
    92018	2017-02-03 12:34:39	1	0	15	0
    65015	2017-02-03 12:37:49	1	0	15	0
    65015	2017-02-03 12:38:39	1	0	15	0
    65015	2017-02-03 12:38:40	1	0	15	0
    66061	2017-02-03 12:38:59	1	0	15	0
    66061	2017-02-03 12:39:00	1	0	15	0
    66061	2017-02-03 12:39:02	1	0	15	0
    66061	2017-02-03 12:39:04	1	0	15	0
    56023	2017-02-03 12:41:36	1	0	1	0
    30019	2017-02-03 12:42:45	1	0	15	0
    30019	2017-02-03 12:42:47	1	0	15	0
    63019	2017-02-03 12:43:08	1	0	1	0
    63019	2017-02-03 12:43:19	1	0	1	0
    75031	2017-02-03 14:05:10	1	0	1	0
    91048	2017-02-03 14:11:00	1	0	15	0
    91048	2017-02-03 14:11:02	1	0	15	0
    87103	2017-02-03 14:18:36	1	0	1	0
    84004	2017-02-03 14:27:08	1	0	15	0
    84004	2017-02-03 14:27:11	1	0	1	0
    55028	2017-02-03 14:48:48	1	0	15	0
    55028	2017-02-03 14:48:50	1	0	15	0
    55028	2017-02-03 14:48:52	1	0	15	0
    55028	2017-02-03 14:48:53	1	0	15	0
    55028	2017-02-03 14:48:55	1	0	15	0
    64025	2017-02-03 14:49:14	1	0	1	0
    64025	2017-02-03 14:49:30	1	0	15	0
    83162	2017-02-03 14:54:21	1	0	1	0
    72031	2017-02-03 15:04:35	1	0	15	0
    72031	2017-02-03 15:04:36	1	0	1	0
    77118	2017-02-03 15:05:04	1	0	15	0
    91049	2017-02-03 15:06:32	1	0	1	0
    88017	2017-02-03 15:06:52	1	0	1	0
    58049	2017-02-03 15:07:02	1	0	1	0
    58049	2017-02-03 15:07:09	1	0	1	0
    94042	2017-02-03 15:07:20	1	0	15	0
    94042	2017-02-03 15:07:22	1	0	15	0
    85150	2017-02-03 15:09:05	1	0	1	0
    30021	2017-02-03 15:09:13	1	0	15	0
    30066	2017-02-03 15:09:18	1	0	15	0
    30065	2017-02-03 15:11:39	1	0	1	0
    57020	2017-02-03 15:31:31	1	0	15	0
    57020	2017-02-03 15:31:32	1	0	15	0
    57020	2017-02-03 15:31:34	1	0	15	0
    57020	2017-02-03 15:31:37	1	0	15	0
    57020	2017-02-03 15:31:40	1	0	15	0
    57020	2017-02-03 15:31:41	1	0	15	0
    57020	2017-02-03 15:31:52	1	0	15	0
    57020	2017-02-03 15:31:54	1	0	15	0
    75031	2017-02-03 15:32:24	1	0	15	0
    83126	2017-02-03 15:43:41	1	0	15	0
    53022	2017-02-03 15:44:58	1	0	15	0
    53022	2017-02-03 15:44:59	1	0	15	0
    83014	2017-02-03 15:45:06	1	0	15	0
    83014	2017-02-03 15:45:08	1	0	15	0
    90074	2017-02-03 15:53:53	1	0	15	0
    66061	2017-02-03 17:00:03	1	0	1	0
    61024	2017-02-03 17:00:22	1	0	15	0
    75031	2017-02-03 17:00:40	1	0	15	0
    63019	2017-02-03 17:00:56	1	0	1	0
    81097	2017-02-03 17:01:05	1	0	15	0
    81097	2017-02-03 17:01:06	1	0	15	0
    93005	2017-02-03 17:01:12	1	0	15	0
    63019	2017-02-03 17:01:26	1	0	15	0
    70082	2017-02-03 17:01:58	1	0	15	0
    78086	2017-02-03 17:02:05	1	0	15	0
    78086	2017-02-03 17:02:07	1	0	15	0
    71009	2017-02-03 17:02:29	1	0	1	0
    95004	2017-02-03 17:02:48	1	0	15	0
    92018	2017-02-03 17:02:58	1	0	15	0
    71009	2017-02-03 17:03:09	1	0	15	0
    71009	2017-02-03 17:03:10	1	0	15	0
    30019	2017-02-03 17:07:25	1	0	15	0
    30019	2017-02-03 17:07:27	1	0	15	0
    56023	2017-02-03 17:44:47	1	0	15	0
    65015	2017-02-03 17:58:48	1	0	1	0
    65015	2017-02-03 17:58:51	1	0	1	0
    79029	2017-02-03 17:58:58	1	0	15	0
    79029	2017-02-03 17:58:59	1	0	15	0
    85087	2017-02-03 18:00:14	1	0	1	0
    69007	2017-02-03 22:03:36	1	0	15	0
    69007	2017-02-03 22:03:38	1	0	15	0
    75098	2017-02-03 22:18:19	1	0	15	0
    75098	2017-02-03 22:18:21	1	0	15	0
    77067	2017-02-03 22:26:29	1	0	15	0
    77067	2017-02-03 22:26:30	1	0	15	0
    77067	2017-02-03 22:26:32	1	0	15	0
    77067	2017-02-03 22:26:34	1	0	15	0
    91058	2017-02-03 22:26:41	1	0	15	0
    70014	2017-02-03 22:31:38	1	0	15	0
    93040	2017-02-03 22:36:48	1	0	1	0
    93040	2017-02-03 22:36:50	1	0	1	0
    71048	2017-02-03 22:39:17	1	0	1	0
    71048	2017-02-03 22:39:19	1	0	15	0
    87136	2017-02-03 22:45:00	1	0	1	0
    89088	2017-02-03 22:45:20	1	0	15	0
    84004	2017-02-03 23:01:09	1	0	15	0
    84004	2017-02-03 23:01:14	1	0	1	0
    55028	2017-02-03 23:01:18	1	0	15	0
    55028	2017-02-03 23:01:20	1	0	15	0
    69017	2017-02-03 23:01:37	1	0	15	0
    69017	2017-02-03 23:01:39	1	0	15	0
    74119	2017-02-03 23:02:47	1	0	15	0
    74119	2017-02-03 23:02:48	1	0	15	0
    67038	2017-02-03 23:04:15	1	0	1	0
    91048	2017-02-03 23:06:13	1	0	15	0
    84167	2017-02-03 23:06:17	1	0	15	0
    84167	2017-02-03 23:06:19	1	0	15	0
    94017	2017-02-03 23:07:19	1	0	15	0
    94017	2017-02-03 23:07:20	1	0	15	0
    87128	2017-02-03 23:11:04	1	0	15	0
    87128	2017-02-03 23:11:06	1	0	15	0
    30049	2017-02-03 23:13:11	1	0	1	0
    64025	2017-02-03 23:17:06	1	0	1	0
    73006	2017-02-04 06:25:19	1	0	1	0
    68011	2017-02-04 06:30:12	1	0	15	0
    88036	2017-02-04 06:42:21	1	0	15	0
    88036	2017-02-04 06:42:22	1	0	15	0
    72031	2017-02-04 06:43:15	1	0	15	0
    72031	2017-02-04 06:43:17	1	0	15	0
    62015	2017-02-04 06:45:23	1	0	15	0
    62015	2017-02-04 06:45:25	1	0	15	0
    53022	2017-02-04 06:46:05	1	0	15	0
    53022	2017-02-04 06:46:06	1	0	15	0
    88130	2017-02-04 06:53:45	1	0	15	0
    88130	2017-02-04 06:53:47	1	0	15	0
    72111	2017-02-04 06:53:55	1	0	15	0
    30023	2017-02-04 06:55:32	1	0	1	0
    94042	2017-02-04 06:57:56	1	0	15	0
    94042	2017-02-04 06:57:58	1	0	15	0
    57020	2017-02-04 06:58:05	1	0	15	0
    57020	2017-02-04 06:58:06	1	0	15	0
    57020	2017-02-04 06:58:08	1	0	15	0
    30021	2017-02-04 06:58:37	1	0	15	0
    71048	2017-02-04 07:01:40	1	0	15	0
    30065	2017-02-04 07:02:19	1	0	1	0
    77067	2017-02-04 07:04:26	1	0	15	0
    77067	2017-02-04 07:04:28	1	0	15	0
    77067	2017-02-04 07:04:30	1	0	15	0
    77067	2017-02-04 07:04:31	1	0	15	0
    30022	2017-02-04 07:04:39	1	0	1	0
    30022	2017-02-04 07:04:40	1	0	1	0
    91058	2017-02-04 07:06:44	1	0	15	0
    91058	2017-02-04 07:06:46	1	0	15	0
    91040	2017-02-04 07:07:00	1	0	1	0
    73071	2017-02-04 07:10:52	1	0	15	0
    71009	2017-02-04 07:14:51	1	0	15	0
    89088	2017-02-04 07:15:36	1	0	15	0
    93040	2017-02-04 07:17:07	1	0	1	0
    87136	2017-02-04 07:18:45	1	0	1	0
    88017	2017-02-04 07:20:39	1	0	1	0
    75098	2017-02-04 07:20:52	1	0	1	0
    70014	2017-02-04 07:22:49	1	0	1	0
    61023	2017-02-04 07:26:15	1	0	15	0
    61023	2017-02-04 07:26:17	1	0	15	0
    83126	2017-02-04 07:30:46	1	0	1	0
    75031	2017-02-04 07:42:25	1	0	15	0
    88117	2017-02-04 07:42:41	1	0	15	0
    63019	2017-02-04 07:53:57	1	0	15	0
    63019	2017-02-04 07:54:01	1	0	15	0
    63019	2017-02-04 07:54:14	1	0	1	0
    81046	2017-02-04 07:58:17	1	0	1	0
    93005	2017-02-04 07:59:34	1	0	1	0
    77080	2017-02-04 08:00:02	1	0	15	0
    83162	2017-02-04 08:02:12	1	0	1	0
    77049	2017-02-04 08:09:57	1	0	1	0
    77149	2017-02-04 08:15:53	1	0	1	0
    81097	2017-02-04 08:17:36	1	0	15	0
    81097	2017-02-04 08:17:38	1	0	15	0
    83014	2017-02-04 08:21:19	1	0	15	0
    85103	2017-02-04 09:31:36	1	0	15	0
    85103	2017-02-04 09:31:38	1	0	15	0
    85087	2017-02-04 09:47:38	1	0	1	0
    85087	2017-02-04 09:47:39	1	0	1	0
    71009	2017-02-04 12:01:47	1	0	1	0
    93005	2017-02-04 12:02:02	1	0	15	0
    85140	2017-02-04 12:02:29	1	0	15	0
    85140	2017-02-04 12:02:31	1	0	15	0
    88117	2017-02-04 12:02:38	1	0	15	0
    88117	2017-02-04 12:02:40	1	0	15	0
    83126	2017-02-04 12:06:37	1	0	15	0
    81097	2017-02-04 12:15:59	1	0	15	0
    81097	2017-02-04 12:16:01	1	0	15	0
    63019	2017-02-04 12:27:37	1	0	15	0
    63019	2017-02-04 12:27:39	1	0	15	0
    93005	2017-02-04 12:31:09	1	0	1	0
    85140	2017-02-04 12:31:41	1	0	15	0
    85140	2017-02-04 12:31:43	1	0	15	0
    88117	2017-02-04 12:31:51	1	0	15	0
    88117	2017-02-04 12:31:53	1	0	15	0
    83126	2017-02-04 12:32:02	1	0	1	0
    81097	2017-02-04 12:33:45	1	0	15	0
    81097	2017-02-04 12:33:47	1	0	15	0
    71009	2017-02-04 12:39:59	1	0	1	0
    63019	2017-02-04 12:50:24	1	0	15	0
    63019	2017-02-04 12:50:26	1	0	15	0
    83162	2017-02-04 13:09:50	1	0	1	0
    78086	2017-02-04 13:47:45	1	0	15	0
    78086	2017-02-04 13:47:47	1	0	15	0
    84157	2017-02-04 14:37:37	1	0	15	0
    84157	2017-02-04 14:37:41	1	0	1	0
    77118	2017-02-04 14:41:15	1	0	15	0
    77118	2017-02-04 14:41:17	1	0	15	0
    30049	2017-02-04 14:43:38	1	0	1	0
    84167	2017-02-04 14:45:07	1	0	15	0
    84167	2017-02-04 14:45:09	1	0	15	0
    83106	2017-02-04 14:46:37	1	0	15	0
    69017	2017-02-04 14:52:04	1	0	15	0
    69017	2017-02-04 14:52:06	1	0	15	0
    88135	2017-02-04 14:56:54	1	0	15	0
    88135	2017-02-04 14:56:56	1	0	15	0
    87082	2017-02-04 14:56:59	1	0	1	0
    91048	2017-02-04 15:00:13	1	0	15	0
    88130	2017-02-04 15:00:55	1	0	15	0
    88130	2017-02-04 15:00:57	1	0	15	0
    53022	2017-02-04 15:04:24	1	0	15	0
    72111	2017-02-04 15:05:05	1	0	1	0
    94017	2017-02-04 15:06:28	1	0	15	0
    94017	2017-02-04 15:06:30	1	0	15	0
    30030	2017-02-04 15:06:47	1	0	1	0
    30065	2017-02-04 15:07:47	1	0	1	0
    30023	2017-02-04 15:08:01	1	0	1	0
    30023	2017-02-04 15:08:10	1	0	15	0
    30023	2017-02-04 15:08:15	1	0	15	0
    30023	2017-02-04 15:08:17	1	0	15	0
    84110	2017-02-04 15:08:37	1	0	15	0
    84110	2017-02-04 15:08:47	1	0	15	0
    84110	2017-02-04 15:08:49	1	0	15	0
    30021	2017-02-04 15:08:53	1	0	15	0
    30023	2017-02-04 15:08:59	1	0	15	0
    72031	2017-02-04 15:09:39	1	0	15	0
    72031	2017-02-04 15:09:41	1	0	15	0
    72031	2017-02-04 15:09:43	1	0	15	0
    94042	2017-02-04 15:11:15	1	0	15	0
    94042	2017-02-04 15:11:17	1	0	15	0
    57020	2017-02-04 15:11:29	1	0	15	0
    57020	2017-02-04 15:11:31	1	0	15	0
    88036	2017-02-04 15:21:24	1	0	15	0
    88017	2017-02-04 15:24:18	1	0	15	0
    73006	2017-02-04 15:24:58	1	0	1	0
    62015	2017-02-04 15:25:10	1	0	15	0
    62015	2017-02-04 15:25:12	1	0	15	0
    77151	2017-02-04 15:55:11	1	0	15	0
    83126	2017-02-04 17:01:10	1	0	15	0
    81097	2017-02-04 17:01:15	1	0	15	0
    81097	2017-02-04 17:01:17	1	0	15	0
    93005	2017-02-04 17:01:45	1	0	1	0
    85140	2017-02-04 17:02:01	1	0	15	0
    85140	2017-02-04 17:02:03	1	0	15	0
    71009	2017-02-04 17:02:11	1	0	15	0
    71009	2017-02-04 17:02:12	1	0	1	0
    77080	2017-02-04 17:02:19	1	0	15	0
    77080	2017-02-04 17:02:20	1	0	15	0
    77080	2017-02-04 17:02:23	1	0	1	0
    88117	2017-02-04 17:02:50	1	0	15	0
    88117	2017-02-04 17:02:52	1	0	15	0
    68011	2017-02-04 17:03:48	1	0	15	0
    68011	2017-02-04 17:03:50	1	0	15	0
    63019	2017-02-04 17:04:46	1	0	15	0
    63019	2017-02-04 17:04:57	1	0	15	0
    63019	2017-02-04 17:04:59	1	0	15	0
    85087	2017-02-04 18:01:08	1	0	15	0
    85103	2017-02-04 18:01:15	1	0	15	0
    85103	2017-02-04 18:01:16	1	0	15	0
    78086	2017-02-04 22:00:35	1	0	15	0
    78086	2017-02-04 22:00:36	1	0	15	0
    67038	2017-02-04 22:11:02	1	0	1	0
    55028	2017-02-04 22:32:57	1	0	15	0
    55028	2017-02-04 22:32:59	1	0	15	0
    91058	2017-02-04 22:35:36	1	0	15	0
    91058	2017-02-04 22:35:38	1	0	15	0
    71048	2017-02-04 22:35:47	1	0	15	0
    71048	2017-02-04 22:35:48	1	0	15	0
    93040	2017-02-04 22:39:50	1	0	15	0
    89088	2017-02-04 22:40:22	1	0	15	0
    89088	2017-02-04 22:40:24	1	0	15	0
    72048	2017-02-04 22:40:59	1	0	15	0
    72048	2017-02-04 22:41:01	1	0	15	0
    92027	2017-02-04 22:52:54	1	0	15	0
    91040	2017-02-04 22:53:07	1	0	15	0
    91040	2017-02-04 22:53:09	1	0	15	0
    85112	2017-02-04 22:55:40	1	0	1	0
    77118	2017-02-04 23:01:55	1	0	15	0
    77118	2017-02-04 23:01:57	1	0	15	0
    83106	2017-02-04 23:03:28	1	0	15	0
    83106	2017-02-04 23:03:30	1	0	15	0
    84157	2017-02-04 23:03:35	1	0	15	0
    69017	2017-02-04 23:09:16	1	0	15	0
    69017	2017-02-04 23:09:17	1	0	15	0
    88135	2017-02-04 23:10:56	1	0	15	0
    88135	2017-02-04 23:10:58	1	0	15	0
    87082	2017-02-04 23:11:06	1	0	15	0
    87082	2017-02-04 23:11:07	1	0	15	0
    84167	2017-02-04 23:11:18	1	0	15	0
    84167	2017-02-04 23:11:19	1	0	15	0
    94017	2017-02-04 23:11:27	1	0	15	0
     1092	2017-02-04 23:11:33	1	0	15	0
     1092	2017-02-04 23:11:36	1	0	15	0
    30049	2017-02-04 23:11:39	1	0	1	0
    30030	2017-02-04 23:11:42	1	0	1	0
    91048	2017-02-04 23:19:34	1	0	15	0
    85087	2017-02-05 04:21:26	1	0	15	0
    91051	2017-02-05 04:30:32	1	0	15	0
    91051	2017-02-05 04:30:34	1	0	15	0
    60066	2017-02-05 06:02:29	1	0	15	0
    60066	2017-02-05 06:02:31	1	0	15	0
    58049	2017-02-05 06:16:15	1	0	1	0
    74119	2017-02-05 06:40:58	1	0	15	0
    74119	2017-02-05 06:41:00	1	0	15	0
    72111	2017-02-05 06:43:48	1	0	1	0
    91049	2017-02-05 06:45:41	1	0	1	0
    93017	2017-02-05 06:46:06	1	0	15	0
    88036	2017-02-05 06:47:20	1	0	15	0
    88036	2017-02-05 06:47:22	1	0	15	0
    64025	2017-02-05 06:48:39	1	0	1	0
    77067	2017-02-05 06:51:14	1	0	15	0
    77067	2017-02-05 06:51:17	1	0	15	0
    77067	2017-02-05 06:51:24	1	0	15	0
    30023	2017-02-05 06:51:56	1	0	15	0
    30023	2017-02-05 06:51:57	1	0	15	0
    69007	2017-02-05 06:54:31	1	0	15	0
    69007	2017-02-05 06:54:33	1	0	15	0
    62015	2017-02-05 06:57:46	1	0	15	0
    62015	2017-02-05 06:57:48	1	0	15	0
    55028	2017-02-05 07:03:22	1	0	15	0
    55028	2017-02-05 07:03:24	1	0	15	0
    67038	2017-02-05 07:03:35	1	0	15	0
    67038	2017-02-05 07:03:37	1	0	15	0
    89088	2017-02-05 07:04:14	1	0	1	0
    71048	2017-02-05 07:06:09	1	0	15	0
    71048	2017-02-05 07:06:11	1	0	15	0
    88017	2017-02-05 07:08:47	1	0	1	0
    91058	2017-02-05 07:14:16	1	0	15	0
    91058	2017-02-05 07:14:18	1	0	15	0
    91040	2017-02-05 07:20:27	1	0	1	0
    77126	2017-02-05 07:32:58	1	0	15	0
    77126	2017-02-05 07:33:00	1	0	15	0
    72048	2017-02-05 07:34:37	1	0	15	0
    72048	2017-02-05 07:34:39	1	0	15	0
    77149	2017-02-05 07:42:39	1	0	1	0
    61023	2017-02-05 07:43:11	1	0	15	0
    61023	2017-02-05 07:43:13	1	0	15	0
    77049	2017-02-05 07:43:17	1	0	1	0
    77049	2017-02-05 07:43:18	1	0	1	0
    77049	2017-02-05 07:43:28	1	0	1	0
    90074	2017-02-05 07:46:05	1	0	15	0
    85140	2017-02-05 07:47:09	1	0	15	0
    95004	2017-02-05 07:47:25	1	0	15	0
    95004	2017-02-05 07:47:27	1	0	15	0
    79029	2017-02-05 07:49:57	1	0	15	0
    79029	2017-02-05 07:49:59	1	0	15	0
    92027	2017-02-05 07:53:15	1	0	15	0
    92027	2017-02-05 07:53:17	1	0	15	0
    88117	2017-02-05 07:53:49	1	0	15	0
    88117	2017-02-05 07:53:50	1	0	15	0
    88117	2017-02-05 07:53:52	1	0	15	0
    63019	2017-02-05 07:54:35	1	0	15	0
    63019	2017-02-05 07:54:37	1	0	15	0
    93005	2017-02-05 07:59:18	1	0	1	0
    52015	2017-02-05 07:59:29	1	0	1	0
    52015	2017-02-05 07:59:39	1	0	1	0
    52015	2017-02-05 07:59:54	1	0	15	0
    77151	2017-02-05 08:08:03	1	0	1	0
    83106	2017-02-05 08:10:07	1	0	15	0
    81046	2017-02-05 08:22:47	1	0	1	0
    85103	2017-02-05 09:23:35	1	0	1	0
    75133	2017-02-05 09:23:54	1	0	15	0
    75133	2017-02-05 09:23:59	1	0	15	0
    75133	2017-02-05 09:24:01	1	0	15	0
    75133	2017-02-05 09:24:06	1	0	15	0
    75133	2017-02-05 09:24:11	1	0	15	0
    75133	2017-02-05 09:24:13	1	0	15	0
    80149	2017-02-05 09:46:25	1	0	1	0
    83162	2017-02-05 10:08:51	1	0	1	0
    79029	2017-02-05 12:00:36	1	0	1	0
    63019	2017-02-05 12:00:41	1	0	1	0
    77126	2017-02-05 12:05:50	1	0	15	0
    77126	2017-02-05 12:05:55	1	0	15	0
    71010	2017-02-05 12:06:12	1	0	15	0
    85035	2017-02-05 12:06:58	1	0	1	0
    85035	2017-02-05 12:07:03	1	0	1	0
    93005	2017-02-05 12:10:32	1	0	1	0
    52015	2017-02-05 12:11:46	1	0	1	0
    52015	2017-02-05 12:11:59	1	0	1	0
    88117	2017-02-05 12:22:08	1	0	15	0
    88117	2017-02-05 12:22:09	1	0	15	0
    95004	2017-02-05 12:22:26	1	0	15	0
    95004	2017-02-05 12:22:28	1	0	15	0
    79029	2017-02-05 12:32:35	1	0	15	0
    79029	2017-02-05 12:32:36	1	0	15	0
    93005	2017-02-05 12:32:48	1	0	1	0
    63019	2017-02-05 12:32:55	1	0	1	0
    52015	2017-02-05 12:33:37	1	0	1	0
    77126	2017-02-05 12:33:43	1	0	1	0
    77126	2017-02-05 12:33:48	1	0	15	0
    77126	2017-02-05 12:33:50	1	0	15	0
    52015	2017-02-05 12:33:59	1	0	1	0
    75132	2017-02-05 12:44:38	1	0	15	0
    85138	2017-02-05 12:44:41	1	0	15	0
    88117	2017-02-05 12:46:58	1	0	15	0
    88117	2017-02-05 12:47:00	1	0	15	0
    78086	2017-02-05 13:42:15	1	0	15	0
    91051	2017-02-05 14:28:39	1	0	15	0
    91051	2017-02-05 14:28:41	1	0	15	0
    84157	2017-02-05 14:32:57	1	0	1	0
    73071	2017-02-05 14:33:43	1	0	15	0
    73071	2017-02-05 14:33:59	1	0	15	0
    73071	2017-02-05 14:34:00	1	0	15	0
    85087	2017-02-05 14:39:32	1	0	1	0
    69017	2017-02-05 14:40:22	1	0	15	0
    69017	2017-02-05 14:40:24	1	0	15	0
    87128	2017-02-05 14:41:26	1	0	1	0
    78064	2017-02-05 14:43:25	1	0	1	0
    78064	2017-02-05 14:43:29	1	0	1	0
    87136	2017-02-05 14:44:46	1	0	1	0
     1092	2017-02-05 14:47:30	1	0	15	0
    88130	2017-02-05 14:51:41	1	0	15	0
    88130	2017-02-05 14:51:43	1	0	15	0
    87082	2017-02-05 14:54:02	1	0	1	0
    85150	2017-02-05 14:54:07	1	0	1	0
    77049	2017-02-05 14:57:58	1	0	1	0
    74119	2017-02-05 15:06:06	1	0	15	0
    74119	2017-02-05 15:06:08	1	0	15	0
    58049	2017-02-05 15:06:19	1	0	1	0
    58049	2017-02-05 15:06:20	1	0	1	0
    58049	2017-02-05 15:06:22	1	0	1	0
    58049	2017-02-05 15:06:24	1	0	1	0
    72111	2017-02-05 15:07:16	1	0	15	0
    77067	2017-02-05 15:08:11	1	0	15	0
    77067	2017-02-05 15:08:13	1	0	15	0
    77067	2017-02-05 15:08:16	1	0	15	0
    91049	2017-02-05 15:11:34	1	0	1	0
    69007	2017-02-05 15:22:12	1	0	15	0
    69007	2017-02-05 15:22:14	1	0	15	0
    88017	2017-02-05 15:22:22	1	0	1	0
    69007	2017-02-05 15:22:34	1	0	1	0
    88036	2017-02-05 15:24:27	1	0	15	0
    85024	2017-02-05 15:26:17	1	0	15	0
    85024	2017-02-05 15:26:19	1	0	15	0
    62015	2017-02-05 15:34:53	1	0	15	0
    62015	2017-02-05 15:35:10	1	0	15	0
    64025	2017-02-05 15:42:26	1	0	15	0
    93017	2017-02-05 15:43:37	1	0	1	0
    79029	2017-02-05 17:00:06	1	0	15	0
    85140	2017-02-05 17:00:18	1	0	15	0
    95004	2017-02-05 17:00:24	1	0	15	0
    95004	2017-02-05 17:00:26	1	0	15	0
    63019	2017-02-05 17:00:41	1	0	1	0
    77126	2017-02-05 17:01:07	1	0	15	0
    77126	2017-02-05 17:01:09	1	0	15	0
    93005	2017-02-05 17:02:23	1	0	1	0
    88117	2017-02-05 17:02:29	1	0	15	0
    88117	2017-02-05 17:02:31	1	0	15	0
    88117	2017-02-05 17:02:33	1	0	15	0
    52015	2017-02-05 17:03:15	1	0	1	0
    85103	2017-02-05 18:00:57	1	0	15	0
    85103	2017-02-05 18:00:59	1	0	15	0
    80149	2017-02-05 18:02:46	1	0	1	0
    75133	2017-02-05 18:02:58	1	0	15	0
    75133	2017-02-05 18:03:01	1	0	15	0
    75133	2017-02-05 18:03:03	1	0	15	0
    75133	2017-02-05 18:03:05	1	0	15	0
    75133	2017-02-05 18:03:06	1	0	15	0
    75133	2017-02-05 18:03:08	1	0	15	0
    75133	2017-02-05 18:03:09	1	0	1	0
    75133	2017-02-05 18:03:11	1	0	15	0
    75133	2017-02-05 18:03:12	1	0	15	0
    78086	2017-02-05 22:00:44	1	0	15	0
     1119	2017-02-05 22:24:21	1	0	1	0
    88135	2017-02-05 22:24:35	1	0	15	0
    88135	2017-02-05 22:24:37	1	0	15	0
    67038	2017-02-05 22:28:44	1	0	1	0
    75098	2017-02-05 22:28:51	1	0	1	0
    84004	2017-02-05 22:33:04	1	0	1	0
    93040	2017-02-05 22:35:08	1	0	1	0
    30022	2017-02-05 22:35:17	1	0	1	0
    91058	2017-02-05 22:35:28	1	0	15	0
    91058	2017-02-05 22:35:30	1	0	15	0
    85112	2017-02-05 22:35:50	1	0	1	0
    71048	2017-02-05 22:36:18	1	0	15	0
    71048	2017-02-05 22:36:20	1	0	15	0
    70014	2017-02-05 22:37:03	1	0	1	0
    84110	2017-02-05 22:45:18	1	0	15	0
    84110	2017-02-05 22:45:20	1	0	15	0
    73071	2017-02-05 23:02:37	1	0	15	0
    87082	2017-02-05 23:02:47	1	0	1	0
    69017	2017-02-05 23:03:02	1	0	1	0
    78064	2017-02-05 23:03:11	1	0	1	0
    74034	2017-02-05 23:04:13	1	0	1	0
    91069	2017-02-05 23:05:17	1	0	1	0
    87128	2017-02-05 23:05:24	1	0	1	0
    30024	2017-02-05 23:05:54	1	0	1	0
    84157	2017-02-05 23:06:01	1	0	1	0
    85150	2017-02-05 23:06:11	1	0	1	0
    87136	2017-02-05 23:07:07	1	0	1	0
    88130	2017-02-05 23:37:03	1	0	15	0
    88130	2017-02-05 23:37:04	1	0	15	0
    85103	2017-02-06 04:36:13	1	0	15	0
    58049	2017-02-06 06:22:42	1	0	1	0
    83106	2017-02-06 06:32:13	1	0	15	0
    83106	2017-02-06 06:32:15	1	0	15	0
    55028	2017-02-06 06:33:55	1	0	15	0
    55028	2017-02-06 06:33:57	1	0	15	0
    73071	2017-02-06 06:37:02	1	0	15	0
    73071	2017-02-06 06:37:04	1	0	15	0
    93017	2017-02-06 06:41:54	1	0	1	0
    88032	2017-02-06 06:43:35	1	0	1	0
    91049	2017-02-06 06:48:17	1	0	1	0
    30021	2017-02-06 06:49:02	1	0	15	0
     1117	2017-02-06 06:49:08	1	0	15	0
     1117	2017-02-06 06:49:10	1	0	15	0
    69007	2017-02-06 06:49:14	1	0	15	0
    69007	2017-02-06 06:49:16	1	0	15	0
    72111	2017-02-06 06:49:26	1	0	15	0
    72111	2017-02-06 06:49:28	1	0	15	0
    53022	2017-02-06 06:50:44	1	0	1	0
    30066	2017-02-06 06:51:05	1	0	15	0
    94042	2017-02-06 06:51:19	1	0	15	0
    94042	2017-02-06 06:51:21	1	0	15	0
    84167	2017-02-06 06:51:35	1	0	15	0
    85024	2017-02-06 06:55:28	1	0	15	0
    85024	2017-02-06 06:55:30	1	0	15	0
    64025	2017-02-06 06:55:35	1	0	15	0
    64025	2017-02-06 06:55:37	1	0	15	0
    71009	2017-02-06 06:55:48	1	0	1	0
    73006	2017-02-06 07:00:59	1	0	1	0
    84004	2017-02-06 07:01:04	1	0	1	0
     1119	2017-02-06 07:01:09	1	0	1	0
    72031	2017-02-06 07:01:27	1	0	15	0
    72031	2017-02-06 07:01:28	1	0	15	0
    84110	2017-02-06 07:02:07	1	0	15	0
    84110	2017-02-06 07:02:09	1	0	15	0
    77118	2017-02-06 07:02:15	1	0	15	0
    77118	2017-02-06 07:02:20	1	0	1	0
    71048	2017-02-06 07:02:35	1	0	15	0
    71048	2017-02-06 07:02:36	1	0	15	0
    77080	2017-02-06 07:03:34	1	0	15	0
    77080	2017-02-06 07:03:36	1	0	15	0
    93040	2017-02-06 07:03:57	1	0	1	0
    70014	2017-02-06 07:04:18	1	0	1	0
    91058	2017-02-06 07:05:41	1	0	15	0
    30022	2017-02-06 07:08:09	1	0	1	0
    67038	2017-02-06 07:08:15	1	0	1	0
    75031	2017-02-06 07:09:01	1	0	1	0
    85112	2017-02-06 07:09:08	1	0	1	0
    88135	2017-02-06 07:09:14	1	0	15	0
    88135	2017-02-06 07:09:16	1	0	15	0
    75098	2017-02-06 07:10:05	1	0	15	0
    75098	2017-02-06 07:10:07	1	0	15	0
    66061	2017-02-06 07:24:21	1	0	1	0
    85138	2017-02-06 07:29:29	1	0	1	0
    61024	2017-02-06 07:29:58	1	0	15	0
    61024	2017-02-06 07:30:00	1	0	15	0
    72009	2017-02-06 07:34:49	1	0	15	0
    72009	2017-02-06 07:34:51	1	0	15	0
    72009	2017-02-06 07:34:53	1	0	1	0
    71010	2017-02-06 07:35:14	1	0	15	0
    71010	2017-02-06 07:35:16	1	0	15	0
    71010	2017-02-06 07:35:17	1	0	1	0
    30058	2017-02-06 07:35:54	1	0	15	0
    56063	2017-02-06 07:36:51	1	0	15	0
    89054	2017-02-06 07:43:10	1	0	15	0
    89054	2017-02-06 07:43:12	1	0	15	0
    63019	2017-02-06 07:44:05	1	0	15	0
    74121	2017-02-06 07:44:20	1	0	15	0
    77126	2017-02-06 07:45:58	1	0	15	0
    77126	2017-02-06 07:46:00	1	0	15	0
    72085	2017-02-06 07:46:03	1	0	15	0
    68011	2017-02-06 07:51:50	1	0	15	0
    68011	2017-02-06 07:51:52	1	0	15	0
    52015	2017-02-06 07:53:29	1	0	1	0
    52015	2017-02-06 07:53:35	1	0	15	0
    88117	2017-02-06 07:56:27	1	0	15	0
    88117	2017-02-06 07:56:29	1	0	15	0
    95004	2017-02-06 07:56:48	1	0	15	0
    95004	2017-02-06 07:56:50	1	0	15	0
    77049	2017-02-06 07:59:59	1	0	1	0
    77049	2017-02-06 08:00:05	1	0	1	0
    70082	2017-02-06 08:01:25	1	0	15	0
    92018	2017-02-06 08:01:35	1	0	1	0
    65015	2017-02-06 08:07:58	1	0	15	0
    65015	2017-02-06 08:07:59	1	0	15	0
    81097	2017-02-06 08:08:22	1	0	15	0
    81097	2017-02-06 08:08:24	1	0	15	0
    90074	2017-02-06 08:28:29	1	0	1	0
    90074	2017-02-06 08:28:31	1	0	1	0
    90074	2017-02-06 08:28:33	1	0	1	0
    91051	2017-02-06 09:41:08	1	0	15	0
    91051	2017-02-06 09:41:10	1	0	15	0
    79029	2017-02-06 09:44:10	1	0	15	0
    79029	2017-02-06 09:44:12	1	0	15	0
    77149	2017-02-06 10:15:48	1	0	1	0
    61024	2017-02-06 12:00:07	1	0	15	0
    61024	2017-02-06 12:00:09	1	0	15	0
    72009	2017-02-06 12:01:44	1	0	15	0
    72009	2017-02-06 12:01:46	1	0	15	0
    72009	2017-02-06 12:01:49	1	0	1	0
    66061	2017-02-06 12:02:05	1	0	15	0
    66061	2017-02-06 12:02:06	1	0	15	0
    88117	2017-02-06 12:03:01	1	0	15	0
    88117	2017-02-06 12:03:02	1	0	15	0
    88117	2017-02-06 12:03:04	1	0	15	0
    81097	2017-02-06 12:03:17	1	0	15	0
    58026	2017-02-06 12:03:27	1	0	1	0
    71009	2017-02-06 12:03:34	1	0	1	0
    77126	2017-02-06 12:03:48	1	0	15	0
    71010	2017-02-06 12:04:24	1	0	15	0
    71010	2017-02-06 12:04:28	1	0	1	0
    30058	2017-02-06 12:04:50	1	0	15	0
    30058	2017-02-06 12:04:52	1	0	15	0
    92018	2017-02-06 12:04:57	1	0	15	0
    95004	2017-02-06 12:06:59	1	0	15	0
    95004	2017-02-06 12:07:01	1	0	15	0
    77080	2017-02-06 12:07:13	1	0	1	0
    56023	2017-02-06 12:10:49	1	0	15	0
    56023	2017-02-06 12:10:51	1	0	15	0
    70082	2017-02-06 12:10:58	1	0	15	0
    70082	2017-02-06 12:11:00	1	0	15	0
    70082	2017-02-06 12:11:02	1	0	15	0
    70082	2017-02-06 12:11:04	1	0	15	0
    63019	2017-02-06 12:12:18	1	0	1	0
    63019	2017-02-06 12:12:31	1	0	1	0
    87103	2017-02-06 12:14:18	1	0	1	0
    68011	2017-02-06 12:17:25	1	0	15	0
    68011	2017-02-06 12:17:26	1	0	15	0
    56063	2017-02-06 12:17:34	1	0	15	0
    89054	2017-02-06 12:18:39	1	0	15	0
    89054	2017-02-06 12:18:41	1	0	15	0
    52015	2017-02-06 12:19:10	1	0	1	0
    58026	2017-02-06 12:31:11	1	0	1	0
    77126	2017-02-06 12:31:24	1	0	15	0
    77126	2017-02-06 12:31:25	1	0	15	0
    72009	2017-02-06 12:32:04	1	0	15	0
    72009	2017-02-06 12:32:06	1	0	15	0
    72009	2017-02-06 12:32:08	1	0	1	0
    77080	2017-02-06 12:32:18	1	0	15	0
    77080	2017-02-06 12:32:22	1	0	1	0
    66061	2017-02-06 12:32:28	1	0	15	0
    66061	2017-02-06 12:32:30	1	0	15	0
    66061	2017-02-06 12:32:31	1	0	1	0
    92018	2017-02-06 12:33:12	1	0	15	0
    89054	2017-02-06 12:33:30	1	0	15	0
    95004	2017-02-06 12:33:43	1	0	15	0
    95004	2017-02-06 12:33:45	1	0	15	0
    70082	2017-02-06 12:34:27	1	0	1	0
    71009	2017-02-06 12:35:20	1	0	1	0
    88117	2017-02-06 12:35:31	1	0	15	0
    88117	2017-02-06 12:35:33	1	0	15	0
    52015	2017-02-06 12:35:43	1	0	1	0
    61024	2017-02-06 12:37:16	1	0	15	0
    65015	2017-02-06 12:39:45	1	0	15	0
    71010	2017-02-06 12:44:55	1	0	15	0
    71010	2017-02-06 12:44:58	1	0	1	0
    68011	2017-02-06 12:45:04	1	0	15	0
    63019	2017-02-06 12:45:36	1	0	1	0
    30058	2017-02-06 12:45:57	1	0	15	0
    30058	2017-02-06 12:45:59	1	0	15	0
    56023	2017-02-06 12:51:13	1	0	15	0
    56063	2017-02-06 12:55:27	1	0	15	0
    91048	2017-02-06 14:07:10	1	0	15	0
    91048	2017-02-06 14:07:12	1	0	15	0
    77049	2017-02-06 14:27:03	1	0	1	0
    77049	2017-02-06 14:27:04	1	0	15	0
    83162	2017-02-06 14:27:12	1	0	1	0
    74119	2017-02-06 14:31:13	1	0	15	0
    74119	2017-02-06 14:31:14	1	0	15	0
    83112	2017-02-06 14:32:04	1	0	1	0
    30049	2017-02-06 14:35:32	1	5	1	0
    57020	2017-02-06 14:35:50	1	5	15	0
    57020	2017-02-06 14:35:54	1	5	15	0
    57020	2017-02-06 14:35:56	1	5	15	0
    89088	2017-02-06 14:39:42	1	5	1	0
    89088	2017-02-06 14:39:50	1	5	1	0
    87128	2017-02-06 14:44:28	1	5	1	0
    72048	2017-02-06 14:45:20	1	5	15	0
    72048	2017-02-06 14:45:22	1	5	15	0
    78064	2017-02-06 14:48:55	1	5	1	0
    78064	2017-02-06 14:49:00	1	5	1	0
    94017	2017-02-06 14:51:03	1	5	15	0
    94017	2017-02-06 14:51:05	1	5	15	0
    85150	2017-02-06 14:51:09	1	5	15	0
    74034	2017-02-06 14:52:21	1	5	1	0
    91069	2017-02-06 14:52:34	1	5	1	0
    85103	2017-02-06 14:55:12	1	5	1	0
    84095	2017-02-06 14:58:09	1	5	15	0
    84095	2017-02-06 14:58:11	1	5	15	0
    30030	2017-02-06 14:58:18	1	5	1	0
    83106	2017-02-06 15:01:11	1	5	1	0
    83106	2017-02-06 15:01:13	1	5	1	0
    88032	2017-02-06 15:01:17	1	5	1	0
    58049	2017-02-06 15:01:59	1	5	1	0
    58049	2017-02-06 15:02:02	1	5	1	0
    72031	2017-02-06 15:02:19	1	5	15	0
    72031	2017-02-06 15:02:21	1	5	15	0
    73071	2017-02-06 15:03:03	1	5	15	0
    73071	2017-02-06 15:03:05	1	5	15	0
     1117	2017-02-06 15:03:14	1	5	15	0
     1117	2017-02-06 15:03:16	1	5	15	0
    72111	2017-02-06 15:04:32	1	5	1	0
    30066	2017-02-06 15:06:09	1	5	15	0
    64025	2017-02-06 15:06:20	1	5	15	0
    64025	2017-02-06 15:06:22	1	5	15	0
    84167	2017-02-06 15:10:19	1	5	15	0
    85024	2017-02-06 15:10:43	1	5	15	0
    77067	2017-02-06 15:12:51	1	5	15	0
    77067	2017-02-06 15:12:54	1	5	1	0
    77067	2017-02-06 15:12:57	1	5	1	0
    55028	2017-02-06 15:14:28	1	5	15	0
    55028	2017-02-06 15:14:30	1	5	15	0
    55028	2017-02-06 15:14:31	1	5	15	0
    93017	2017-02-06 15:18:19	1	5	1	0
    91049	2017-02-06 15:18:24	1	5	1	0
    73006	2017-02-06 15:20:16	1	5	1	0
    94042	2017-02-06 15:25:47	1	5	15	0
    94042	2017-02-06 15:25:49	1	5	15	0
    85024	2017-02-06 15:26:51	1	5	15	0
    85024	2017-02-06 15:26:53	1	5	15	0
    53022	2017-02-06 15:33:43	1	5	1	0
    30021	2017-02-06 15:37:50	1	5	15	0
    30021	2017-02-06 15:37:52	1	5	15	0
    69007	2017-02-06 15:57:40	1	5	1	0
    93005	2017-02-06 16:03:47	1	5	1	0
    61024	2017-02-06 16:58:31	1	5	15	0
    61024	2017-02-06 16:58:33	1	5	1	0
    70082	2017-02-06 17:00:07	1	5	15	0
    61024	2017-02-06 17:00:12	1	5	15	0
    61024	2017-02-06 17:00:13	1	5	15	0
    52015	2017-02-06 17:00:24	1	5	15	0
    52015	2017-02-06 17:00:26	1	5	15	0
    81097	2017-02-06 17:00:39	1	5	15	0
    52015	2017-02-06 17:00:49	1	5	15	0
    71010	2017-02-06 17:00:55	1	5	15	0
    71010	2017-02-06 17:00:59	1	5	1	0
    72009	2017-02-06 17:01:05	1	5	15	0
    58026	2017-02-06 17:01:20	1	5	1	0
    72009	2017-02-06 17:01:27	1	5	15	0
    72009	2017-02-06 17:01:29	1	5	15	0
    72009	2017-02-06 17:01:31	1	5	1	0
    66061	2017-02-06 17:01:35	1	5	1	0
    63019	2017-02-06 17:01:40	1	5	15	0
    63019	2017-02-06 17:01:51	1	5	1	0
    66061	2017-02-06 17:01:56	1	5	15	0
    66061	2017-02-06 17:01:58	1	5	15	0
    77126	2017-02-06 17:02:00	1	5	15	0
    77126	2017-02-06 17:02:02	1	5	15	0
    95004	2017-02-06 17:02:06	1	5	15	0
    95004	2017-02-06 17:02:08	1	5	15	0
    92018	2017-02-06 17:02:12	1	5	15	0
    92018	2017-02-06 17:02:14	1	5	15	0
    77080	2017-02-06 17:02:20	1	5	15	0
    30058	2017-02-06 17:02:32	1	5	15	0
    88117	2017-02-06 17:02:42	1	5	15	0
    88117	2017-02-06 17:02:44	1	5	15	0
    71009	2017-02-06 17:03:52	1	5	1	0
    68011	2017-02-06 17:04:01	1	5	15	0
    56063	2017-02-06 17:04:42	1	5	15	0
    56063	2017-02-06 17:04:44	1	5	15	0
    87103	2017-02-06 17:08:15	1	5	1	0
    87103	2017-02-06 17:08:17	1	5	1	0
    56023	2017-02-06 17:14:11	1	5	15	0
    65015	2017-02-06 17:49:25	1	5	1	0
    60066	2017-02-06 17:49:41	1	5	1	0
    79029	2017-02-06 18:00:17	1	5	1	0
    91051	2017-02-06 18:00:27	1	5	15	0
    91051	2017-02-06 18:00:29	1	5	15	0
     1119	2017-02-06 22:12:52	1	5	1	0
    71048	2017-02-06 22:20:37	1	5	15	0
    30022	2017-02-06 22:26:11	1	5	1	0
    70014	2017-02-06 22:29:24	1	5	1	0
    75098	2017-02-06 22:29:39	1	5	15	0
    88135	2017-02-06 22:30:00	1	5	15	0
    88135	2017-02-06 22:30:02	1	5	15	0
    88130	2017-02-06 22:37:43	1	5	15	0
    88130	2017-02-06 22:37:44	1	5	15	0
    84110	2017-02-06 22:38:58	1	5	15	0
    91040	2017-02-06 22:39:58	1	5	15	0
    91040	2017-02-06 22:40:00	1	5	15	0
    62015	2017-02-06 22:40:45	1	5	1	0
    87136	2017-02-06 22:43:13	1	5	1	0
    84004	2017-02-06 22:43:30	1	5	1	0
    92027	2017-02-06 22:46:04	1	5	15	0
    74034	2017-02-06 23:02:40	1	5	1	0
    89088	2017-02-06 23:03:02	1	5	1	0
    89088	2017-02-06 23:03:05	1	5	1	0
    72048	2017-02-06 23:03:16	1	5	15	0
    72048	2017-02-06 23:03:18	1	5	15	0
    94017	2017-02-06 23:03:42	1	5	15	0
    94017	2017-02-06 23:03:44	1	5	15	0
    85150	2017-02-06 23:03:59	1	5	1	0
    30010	2017-02-06 23:04:14	1	5	1	0
    78064	2017-02-06 23:04:52	1	5	1	0
    74119	2017-02-06 23:05:07	1	5	1	0
    77067	2017-02-06 23:05:19	1	5	15	0
    77067	2017-02-06 23:05:21	1	5	15	0
    77067	2017-02-06 23:05:22	1	5	15	0
    91048	2017-02-06 23:06:08	1	5	15	0
    84095	2017-02-06 23:09:30	1	5	15	0
    84095	2017-02-06 23:09:32	1	5	15	0
    91069	2017-02-06 23:09:48	1	5	1	0
    91069	2017-02-06 23:09:50	1	5	15	0
    57020	2017-02-06 23:10:12	1	5	15	0
    57020	2017-02-06 23:10:14	1	5	15	0
    57020	2017-02-06 23:10:17	1	5	15	0
    57020	2017-02-06 23:10:19	1	5	15	0
    87128	2017-02-06 23:10:24	1	5	1	0
    30030	2017-02-06 23:10:32	1	5	1	0
    30049	2017-02-06 23:10:38	1	5	1	0
    85087	2017-02-07 04:31:56	1	5	1	0
    91051	2017-02-07 04:32:10	1	5	1	0
    60066	2017-02-07 06:05:50	1	5	1	0
    60066	2017-02-07 06:06:01	1	5	15	0
    60066	2017-02-07 06:06:03	1	5	15	0
    83106	2017-02-07 06:22:28	1	5	1	0
    83106	2017-02-07 06:22:36	1	5	15	0
    77080	2017-02-07 06:37:36	1	5	15	0
    77080	2017-02-07 06:37:38	1	5	15	0
    77080	2017-02-07 06:37:41	1	5	1	0
    72031	2017-02-07 06:39:01	1	5	15	0
    72031	2017-02-07 06:39:03	1	5	15	0
    53022	2017-02-07 06:47:23	1	5	1	0
    30021	2017-02-07 06:47:29	1	5	15	0
    30021	2017-02-07 06:47:31	1	5	15	0
     1117	2017-02-07 06:47:35	1	5	15	0
     1117	2017-02-07 06:47:37	1	5	15	0
    77118	2017-02-07 06:47:47	1	5	15	0
    77118	2017-02-07 06:47:50	1	5	1	0
    87006	2017-02-07 06:53:05	1	5	1	0
    88036	2017-02-07 06:53:14	1	5	15	0
    88036	2017-02-07 06:53:16	1	5	15	0
    30066	2017-02-07 06:53:25	1	5	15	0
    78086	2017-02-07 06:53:44	1	5	15	0
    84167	2017-02-07 06:54:39	1	5	15	0
    30023	2017-02-07 06:57:18	1	5	15	0
    30023	2017-02-07 06:57:20	1	5	15	0
    94042	2017-02-07 06:58:41	1	5	15	0
    84004	2017-02-07 07:01:20	1	5	1	0
    73006	2017-02-07 07:02:05	1	5	1	0
    71048	2017-02-07 07:02:16	1	5	15	0
    91040	2017-02-07 07:03:10	1	5	1	0
    88130	2017-02-07 07:03:16	1	5	15	0
    88130	2017-02-07 07:03:18	1	5	15	0
     1119	2017-02-07 07:04:40	1	5	1	0
    71009	2017-02-07 07:05:27	1	5	1	0
    87136	2017-02-07 07:05:41	1	5	1	0
    30065	2017-02-07 07:08:37	1	5	1	0
    88017	2017-02-07 07:08:43	1	5	1	0
    84110	2017-02-07 07:09:46	1	5	15	0
    84110	2017-02-07 07:09:47	1	5	15	0
    61024	2017-02-07 07:17:39	1	5	15	0
    92027	2017-02-07 07:17:52	1	5	15	0
    66061	2017-02-07 07:18:36	1	5	1	0
    66061	2017-02-07 07:18:43	1	5	1	0
    58026	2017-02-07 07:19:03	1	5	1	0
    30022	2017-02-07 07:19:18	1	5	1	0
    88135	2017-02-07 07:25:56	1	5	1	0
    70014	2017-02-07 07:27:59	1	5	1	0
    75098	2017-02-07 07:32:45	1	5	1	0
    77126	2017-02-07 07:37:35	1	5	1	0
    89054	2017-02-07 07:38:42	1	5	1	0
    71010	2017-02-07 07:40:00	1	5	15	0
    71010	2017-02-07 07:40:03	1	5	1	0
    72009	2017-02-07 07:40:20	1	5	15	0
    72009	2017-02-07 07:40:22	1	5	15	0
    72009	2017-02-07 07:40:23	1	5	1	0
    56063	2017-02-07 07:41:01	1	5	1	0
    69007	2017-02-07 07:43:36	1	5	1	0
    30058	2017-02-07 07:43:59	1	5	1	0
    63019	2017-02-07 07:44:21	1	5	1	0
    63019	2017-02-07 07:44:23	1	5	1	0
    63019	2017-02-07 07:44:35	1	5	15	0
    92018	2017-02-07 07:45:51	1	5	15	0
    68011	2017-02-07 07:55:30	1	5	1	0
    95004	2017-02-07 07:56:00	1	5	15	0
    95004	2017-02-07 07:56:02	1	5	15	0
    77151	2017-02-07 07:57:57	1	5	1	0
    65015	2017-02-07 08:01:24	1	5	1	0
    65015	2017-02-07 08:01:26	1	5	15	0
    62015	2017-02-07 08:11:04	1	5	15	0
    70082	2017-02-07 08:11:29	1	5	1	0
    81097	2017-02-07 08:11:45	1	5	1	0
    81046	2017-02-07 08:22:33	1	5	1	0
    93005	2017-02-07 08:22:50	1	5	1	0
    85103	2017-02-07 09:05:44	1	5	15	0
    85103	2017-02-07 09:05:46	1	5	15	0
    75133	2017-02-07 09:06:19	1	5	15	0
    75133	2017-02-07 09:06:21	1	5	15	0
    75133	2017-02-07 09:06:23	1	5	15	0
    75133	2017-02-07 09:06:25	1	5	15	0
    83112	2017-02-07 09:11:26	1	5	1	0
    70015	2017-02-07 09:19:46	1	5	1	0
    79029	2017-02-07 09:41:09	1	5	15	0
    79029	2017-02-07 09:41:11	1	5	15	0
    30058	2017-02-07 12:01:18	1	5	1	0
    72009	2017-02-07 12:01:37	1	5	15	0
    72009	2017-02-07 12:01:39	1	5	15	0
    72009	2017-02-07 12:01:42	1	5	1	0
    77151	2017-02-07 12:02:11	1	5	1	0
    61024	2017-02-07 12:05:29	1	5	1	0
    61024	2017-02-07 12:05:30	1	5	15	0
    56023	2017-02-07 12:06:10	1	5	15	0
    63019	2017-02-07 12:06:26	1	5	1	0
    57044	2017-02-07 12:07:53	1	5	1	0
    70082	2017-02-07 12:08:16	1	5	15	0
    70082	2017-02-07 12:08:18	1	5	15	0
    77080	2017-02-07 12:08:37	1	5	15	0
    77080	2017-02-07 12:08:39	1	5	15	0
    77080	2017-02-07 12:08:41	1	5	15	0
    77080	2017-02-07 12:08:43	1	5	1	0
    77126	2017-02-07 12:08:56	1	5	15	0
    71009	2017-02-07 12:12:03	1	5	1	0
    66061	2017-02-07 12:12:18	1	5	15	0
    66061	2017-02-07 12:12:20	1	5	15	0
    87103	2017-02-07 12:18:54	1	5	1	0
    95004	2017-02-07 12:21:19	1	5	15	0
    95004	2017-02-07 12:21:20	1	5	15	0
    92018	2017-02-07 12:21:50	1	5	15	0
    92018	2017-02-07 12:21:52	1	5	15	0
    89054	2017-02-07 12:23:31	1	5	15	0
    89054	2017-02-07 12:23:33	1	5	15	0
    30058	2017-02-07 12:29:27	1	5	1	0
    81097	2017-02-07 12:31:05	1	5	15	0
    81097	2017-02-07 12:31:07	1	5	15	0
    72009	2017-02-07 12:31:17	1	5	15	0
    72009	2017-02-07 12:31:18	1	5	15	0
    72009	2017-02-07 12:31:20	1	5	1	0
    66061	2017-02-07 12:31:28	1	5	15	0
    66061	2017-02-07 12:31:29	1	5	15	0
    66061	2017-02-07 12:31:33	1	5	1	0
    77126	2017-02-07 12:31:50	1	5	15	0
    61024	2017-02-07 12:32:38	1	5	15	0
    61024	2017-02-07 12:32:40	1	5	1	0
    89054	2017-02-07 12:33:14	1	5	15	0
    70082	2017-02-07 12:33:27	1	5	15	0
    70082	2017-02-07 12:33:29	1	5	15	0
    57044	2017-02-07 12:34:09	1	5	1	0
    57044	2017-02-07 12:34:14	1	5	15	0
    68011	2017-02-07 12:34:25	1	5	15	0
    71009	2017-02-07 12:34:49	1	5	15	0
    71009	2017-02-07 12:34:50	1	5	1	0
    95004	2017-02-07 12:35:11	1	5	15	0
    63019	2017-02-07 12:36:11	1	5	1	0
    63019	2017-02-07 12:36:22	1	5	15	0
    85140	2017-02-07 12:39:59	1	5	15	0
    56023	2017-02-07 12:44:02	1	5	1	0
    77151	2017-02-07 12:44:59	1	5	15	0
    85087	2017-02-07 13:46:20	1	5	1	0
    91051	2017-02-07 13:52:21	1	5	15	0
    73034	2017-02-07 14:01:21	1	5	15	0
    73034	2017-02-07 14:01:23	1	5	15	0
    73034	2017-02-07 14:01:25	1	5	15	0
    73034	2017-02-07 14:01:31	1	5	15	0
    73034	2017-02-07 14:01:32	1	5	15	0
    94017	2017-02-07 14:05:57	1	5	15	0
    82155	2017-02-07 14:31:16	1	5	1	0
    87128	2017-02-07 14:32:45	1	5	1	0
    30049	2017-02-07 14:33:36	1	5	1	0
    69017	2017-02-07 14:35:21	1	5	1	0
    72048	2017-02-07 14:35:29	1	5	15	0
    72048	2017-02-07 14:35:31	1	5	15	0
    84157	2017-02-07 14:39:56	1	5	15	0
    74119	2017-02-07 14:40:04	1	5	15	0
    74119	2017-02-07 14:40:05	1	5	15	0
    89088	2017-02-07 14:42:13	1	5	1	0
    55028	2017-02-07 14:47:07	1	5	15	0
    55028	2017-02-07 14:47:09	1	5	15	0
    87082	2017-02-07 14:50:21	1	5	1	0
    91049	2017-02-07 14:51:03	1	5	1	0
    84095	2017-02-07 14:58:22	1	5	15	0
    83106	2017-02-07 15:01:25	1	5	1	0
    83106	2017-02-07 15:01:41	1	5	15	0
    83106	2017-02-07 15:01:42	1	5	15	0
    30010	2017-02-07 15:01:48	1	5	1	0
    77118	2017-02-07 15:02:14	1	5	15	0
    77118	2017-02-07 15:02:16	1	5	15	0
    72031	2017-02-07 15:05:55	1	5	15	0
    72031	2017-02-07 15:05:56	1	5	15	0
    30066	2017-02-07 15:06:41	1	5	15	0
    78086	2017-02-07 15:09:08	1	5	15	0
    78086	2017-02-07 15:09:10	1	5	15	0
    88036	2017-02-07 15:19:50	1	5	15	0
     1117	2017-02-07 15:21:07	1	5	15	0
     1117	2017-02-07 15:21:09	1	5	15	0
    30023	2017-02-07 15:21:15	1	5	15	0
    30065	2017-02-07 15:21:18	1	5	1	0
    87006	2017-02-07 15:31:25	1	5	1	0
    88017	2017-02-07 15:34:10	1	5	1	0
    30021	2017-02-07 15:34:50	1	5	15	0
    30021	2017-02-07 15:34:52	1	5	15	0
    84167	2017-02-07 15:34:59	1	5	15	0
    84167	2017-02-07 15:35:00	1	5	15	0
    94042	2017-02-07 15:37:50	1	5	15	0
    94042	2017-02-07 15:37:52	1	5	15	0
    73006	2017-02-07 15:40:02	1	5	1	0
    53022	2017-02-07 15:46:38	1	5	1	0
    64025	2017-02-07 15:53:24	1	5	15	0
    64025	2017-02-07 15:53:25	1	5	15	0
    52015	2017-02-07 15:54:08	1	5	15	0
    52015	2017-02-07 15:54:10	1	5	15	0
    52015	2017-02-07 15:54:12	1	5	1	0
    71010	2017-02-07 17:00:16	1	5	1	0
    71010	2017-02-07 17:00:17	1	5	15	0
    61024	2017-02-07 17:00:22	1	5	1	0
    71009	2017-02-07 17:00:26	1	5	1	0
    63019	2017-02-07 17:00:31	1	5	1	0
    72009	2017-02-07 17:00:35	1	5	1	0
    72009	2017-02-07 17:00:38	1	5	1	0
    57044	2017-02-07 17:00:46	1	5	1	0
    58026	2017-02-07 17:01:05	1	5	1	0
    81097	2017-02-07 17:01:15	1	5	15	0
    81097	2017-02-07 17:01:17	1	5	15	0
    77126	2017-02-07 17:01:19	1	5	1	0
    66061	2017-02-07 17:01:25	1	5	1	0
    70082	2017-02-07 17:01:30	1	5	1	0
    95004	2017-02-07 17:01:38	1	5	15	0
    30058	2017-02-07 17:01:45	1	5	1	0
    77080	2017-02-07 17:01:55	1	5	1	0
    92018	2017-02-07 17:02:43	1	5	15	0
    30015	2017-02-07 17:05:29	1	5	1	0
    89054	2017-02-07 17:05:35	1	5	15	0
    89054	2017-02-07 17:05:36	1	5	15	0
    56063	2017-02-07 17:06:22	1	5	15	0
    68011	2017-02-07 17:08:56	1	5	15	0
    68011	2017-02-07 17:08:58	1	5	15	0
    69007	2017-02-07 17:29:04	1	5	15	0
    56023	2017-02-07 17:39:55	1	5	1	0
    65015	2017-02-07 17:42:30	1	5	15	0
    65015	2017-02-07 17:42:32	1	5	15	0
    79029	2017-02-07 18:00:09	1	5	15	0
    85103	2017-02-07 18:01:13	1	5	1	0
    85140	2017-02-07 21:01:16	1	5	15	0
    73034	2017-02-07 22:23:39	1	5	15	0
    73034	2017-02-07 22:23:40	1	5	15	0
    88135	2017-02-07 22:25:42	1	5	15	0
    88135	2017-02-07 22:25:44	1	5	15	0
     1119	2017-02-07 22:27:41	1	5	1	0
    77067	2017-02-07 22:29:53	1	5	15	0
    77067	2017-02-07 22:29:55	1	5	15	0
    77067	2017-02-07 22:29:57	1	5	15	0
    77067	2017-02-07 22:29:58	1	5	15	0
    30022	2017-02-07 22:32:12	1	5	15	0
    30022	2017-02-07 22:32:13	1	5	1	0
    73071	2017-02-07 22:32:18	1	5	15	0
    73071	2017-02-07 22:32:35	1	5	1	0
    91058	2017-02-07 22:34:00	1	5	15	0
    91058	2017-02-07 22:34:02	1	5	15	0
    85112	2017-02-07 22:40:26	1	5	1	0
    85150	2017-02-07 22:40:33	1	5	1	0
    57020	2017-02-07 22:41:38	1	5	15	0
    57020	2017-02-07 22:41:40	1	5	15	0
    85024	2017-02-07 22:43:30	1	5	15	0
    85024	2017-02-07 22:43:32	1	5	15	0
    85024	2017-02-07 22:43:40	1	5	15	0
    91040	2017-02-07 22:44:18	1	5	1	0
    87136	2017-02-07 22:47:45	1	5	1	0
    92027	2017-02-07 22:59:13	1	5	15	0
    55028	2017-02-07 23:01:19	1	5	15	0
    55028	2017-02-07 23:01:21	1	5	15	0
    55028	2017-02-07 23:01:23	1	5	15	0
    84157	2017-02-07 23:03:19	1	5	1	0
    30010	2017-02-07 23:03:47	1	5	1	0
    87082	2017-02-07 23:04:30	1	5	1	0
    91049	2017-02-07 23:04:36	1	5	1	0
    94017	2017-02-07 23:04:41	1	5	1	0
    30049	2017-02-07 23:04:46	1	5	1	0
    87128	2017-02-07 23:04:51	1	5	1	0
    74119	2017-02-07 23:05:02	1	5	15	0
    74119	2017-02-07 23:05:04	1	5	15	0
    72048	2017-02-07 23:05:34	1	5	15	0
    84095	2017-02-07 23:05:43	1	5	15	0
    84095	2017-02-07 23:05:44	1	5	15	0
    69017	2017-02-07 23:06:05	1	5	15	0
    69017	2017-02-07 23:06:07	1	5	15	0
    89088	2017-02-07 23:06:18	1	5	1	0
    89088	2017-02-07 23:06:20	1	5	1	0
    82155	2017-02-07 23:06:50	1	5	1	0
    79029	2017-02-08 04:31:04	1	5	15	0
    79029	2017-02-08 04:31:06	1	5	15	0
    58049	2017-02-08 06:30:37	1	5	1	0
    71048	2017-02-08 06:34:29	1	5	15	0
    30066	2017-02-08 06:38:43	1	5	15	0
    84004	2017-02-08 06:43:36	1	5	1	0
    72111	2017-02-08 06:43:45	1	5	1	0
    88036	2017-02-08 06:44:59	1	5	15	0
    84110	2017-02-08 06:47:40	1	5	15	0
    84110	2017-02-08 06:47:42	1	5	15	0
    91069	2017-02-08 06:47:46	1	5	1	0
    88032	2017-02-08 06:47:50	1	5	1	0
    53022	2017-02-08 06:48:11	1	5	1	0
    77080	2017-02-08 06:48:28	1	5	15	0
    77080	2017-02-08 06:48:30	1	5	15	0
    77080	2017-02-08 06:48:36	1	5	1	0
    30021	2017-02-08 06:49:06	1	5	15	0
    78086	2017-02-08 06:49:34	1	5	15	0
    78086	2017-02-08 06:49:36	1	5	15	0
     1117	2017-02-08 06:50:02	1	5	15	0
     1117	2017-02-08 06:50:04	1	5	15	0
    88130	2017-02-08 06:50:44	1	5	15	0
    88130	2017-02-08 06:50:46	1	5	15	0
    78064	2017-02-08 06:53:42	1	5	15	0
    62015	2017-02-08 06:54:01	1	5	1	0
    88017	2017-02-08 06:58:09	1	5	1	0
    71009	2017-02-08 07:00:18	1	5	1	0
     1119	2017-02-08 07:00:22	1	5	1	0
    77067	2017-02-08 07:01:39	1	5	15	0
    77067	2017-02-08 07:01:41	1	5	1	0
    77067	2017-02-08 07:01:45	1	5	1	0
    91040	2017-02-08 07:01:53	1	5	1	0
    94042	2017-02-08 07:02:43	1	5	15	0
    94042	2017-02-08 07:02:44	1	5	15	0
    85150	2017-02-08 07:03:01	1	5	1	0
    30065	2017-02-08 07:03:05	1	5	1	0
    91058	2017-02-08 07:05:45	1	5	15	0
    91058	2017-02-08 07:05:47	1	5	15	0
    85024	2017-02-08 07:12:35	1	5	15	0
    85024	2017-02-08 07:12:38	1	5	15	0
    85024	2017-02-08 07:12:40	1	5	15	0
    58026	2017-02-08 07:15:36	1	5	1	0
    30022	2017-02-08 07:16:00	1	5	1	0
    57020	2017-02-08 07:18:07	1	5	15	0
    57020	2017-02-08 07:18:19	1	5	15	0
    77151	2017-02-08 07:20:22	1	5	1	0
    87136	2017-02-08 07:22:00	1	5	1	0
    66061	2017-02-08 07:24:05	1	5	1	0
    73071	2017-02-08 07:24:10	1	5	1	0
    85112	2017-02-08 07:24:45	1	5	1	0
    88135	2017-02-08 07:24:49	1	5	1	0
    66061	2017-02-08 07:25:09	1	5	15	0
    92027	2017-02-08 07:27:08	1	5	15	0
    92027	2017-02-08 07:27:10	1	5	15	0
    83126	2017-02-08 07:27:26	1	5	1	0
    61024	2017-02-08 07:35:04	1	5	1	0
    56063	2017-02-08 07:35:09	1	5	1	0
    71010	2017-02-08 07:35:31	1	5	15	0
    71010	2017-02-08 07:35:34	1	5	1	0
    72009	2017-02-08 07:36:23	1	5	15	0
    72009	2017-02-08 07:36:28	1	5	1	0
    90074	2017-02-08 07:36:44	1	5	1	0
    89054	2017-02-08 07:41:26	1	5	1	0
    77126	2017-02-08 07:45:31	1	5	1	0
    77126	2017-02-08 07:45:44	1	5	1	0
    30040	2017-02-08 07:48:47	1	5	1	0
    72085	2017-02-08 07:49:49	1	5	1	0
    92018	2017-02-08 07:51:56	1	5	15	0
    85140	2017-02-08 07:52:05	1	5	15	0
    85140	2017-02-08 07:52:07	1	5	15	0
    91051	2017-02-08 07:52:32	1	5	1	0
    88117	2017-02-08 07:56:06	1	5	1	0
    88117	2017-02-08 07:56:14	1	5	15	0
    70082	2017-02-08 07:59:13	1	5	15	0
    70082	2017-02-08 07:59:18	1	5	15	0
    70082	2017-02-08 07:59:19	1	5	15	0
    52015	2017-02-08 08:00:04	1	5	15	0
    52015	2017-02-08 08:00:06	1	5	15	0
    52015	2017-02-08 08:00:09	1	5	1	0
    75031	2017-02-08 08:00:49	1	5	1	0
    65015	2017-02-08 08:00:54	1	5	15	0
    77049	2017-02-08 08:24:22	1	5	1	0
    76147	2017-02-08 08:37:21	1	5	1	0
    70015	2017-02-08 09:06:48	1	5	1	0
    81046	2017-02-08 09:21:04	1	5	1	0
    85087	2017-02-08 09:38:53	1	5	1	0
    80149	2017-02-08 09:53:03	1	5	1	0
    77149	2017-02-08 11:54:10	1	5	1	0
    30019	2017-02-08 12:00:09	1	5	15	0
    30019	2017-02-08 12:00:11	1	5	15	0
    61024	2017-02-08 12:00:20	1	5	1	0
    65015	2017-02-08 12:00:31	1	5	15	0
    61024	2017-02-08 12:00:50	1	5	1	0
    65015	2017-02-08 12:00:58	1	5	15	0
    65015	2017-02-08 12:01:00	1	5	15	0
    66061	2017-02-08 12:01:07	1	5	15	0
    66061	2017-02-08 12:01:08	1	5	15	0
    77080	2017-02-08 12:01:15	1	5	15	0
    77080	2017-02-08 12:01:17	1	5	15	0
    56063	2017-02-08 12:02:51	1	5	15	0
    56063	2017-02-08 12:02:53	1	5	15	0
    77126	2017-02-08 12:03:04	1	5	15	0
    77126	2017-02-08 12:03:06	1	5	15	0
    83126	2017-02-08 12:03:46	1	5	1	0
    83126	2017-02-08 12:04:09	1	5	15	0
    92018	2017-02-08 12:05:24	1	5	15	0
    87103	2017-02-08 12:05:43	1	5	1	0
    71009	2017-02-08 12:06:16	1	5	1	0
    30040	2017-02-08 12:07:13	1	5	1	0
    85140	2017-02-08 12:08:57	1	5	15	0
    56023	2017-02-08 12:09:36	1	5	1	0
    72009	2017-02-08 12:09:44	1	5	15	0
    72009	2017-02-08 12:09:46	1	5	15	0
    72009	2017-02-08 12:09:47	1	5	1	0
    88117	2017-02-08 12:09:54	1	5	15	0
    88117	2017-02-08 12:09:56	1	5	15	0
    88117	2017-02-08 12:09:58	1	5	15	0
    91051	2017-02-08 12:12:57	1	5	1	0
    70082	2017-02-08 12:15:07	1	5	15	0
    70082	2017-02-08 12:15:09	1	5	15	0
    72085	2017-02-08 12:15:43	1	5	15	0
    72085	2017-02-08 12:15:45	1	5	15	0
    58026	2017-02-08 12:16:12	1	5	1	0
    83014	2017-02-08 12:20:04	1	5	15	0
    77151	2017-02-08 12:21:08	1	5	1	0
    89054	2017-02-08 12:22:21	1	5	15	0
    58026	2017-02-08 12:31:09	1	5	1	0
    61032	2017-02-08 12:31:18	1	5	1	0
    83014	2017-02-08 12:31:25	1	5	15	0
    83126	2017-02-08 12:32:07	1	5	15	0
    77080	2017-02-08 12:32:20	1	5	15	0
    77080	2017-02-08 12:32:22	1	5	15	0
    77126	2017-02-08 12:32:34	1	5	15	0
    66061	2017-02-08 12:32:43	1	5	15	0
    66061	2017-02-08 12:32:52	1	5	15	0
    72009	2017-02-08 12:34:02	1	5	15	0
    72009	2017-02-08 12:34:03	1	5	15	0
    70082	2017-02-08 12:37:52	1	5	15	0
    70082	2017-02-08 12:37:58	1	5	15	0
    70082	2017-02-08 12:38:00	1	5	15	0
    71009	2017-02-08 12:38:09	1	5	15	0
    88117	2017-02-08 12:39:20	1	5	15	0
    88117	2017-02-08 12:39:22	1	5	15	0
    61024	2017-02-08 12:39:56	1	5	1	0
    85140	2017-02-08 12:40:32	1	5	15	0
    91051	2017-02-08 12:41:14	1	5	1	0
    92018	2017-02-08 12:42:45	1	5	1	0
    77151	2017-02-08 12:43:24	1	5	1	0
    56023	2017-02-08 12:48:05	1	5	1	0
    56063	2017-02-08 12:49:03	1	5	1	0
    56063	2017-02-08 12:49:17	1	5	15	0
    65015	2017-02-08 12:49:55	1	5	15	0
    89054	2017-02-08 12:51:16	1	5	15	0
    30040	2017-02-08 12:51:33	1	5	1	0
    73085	2017-02-08 13:14:59	1	5	15	0
    73085	2017-02-08 13:15:01	1	5	15	0
    69007	2017-02-08 13:23:36	1	5	15	0
    79029	2017-02-08 13:34:33	1	5	15	0
    79029	2017-02-08 13:34:35	1	5	15	0
    83106	2017-02-08 14:13:51	1	5	15	0
    83106	2017-02-08 14:13:52	1	5	15	0
    83106	2017-02-08 14:14:01	1	5	1	0
    69017	2017-02-08 14:33:34	1	5	15	0
    69017	2017-02-08 14:33:36	1	5	15	0
    94017	2017-02-08 14:34:47	1	5	1	0
    84157	2017-02-08 14:38:35	1	5	15	0
    91049	2017-02-08 14:39:27	1	5	1	0
    77118	2017-02-08 14:42:45	1	5	15	0
    77118	2017-02-08 14:42:47	1	5	15	0
    91048	2017-02-08 14:44:56	1	5	15	0
    74034	2017-02-08 14:49:49	1	5	1	0
    82155	2017-02-08 14:49:55	1	5	1	0
     1092	2017-02-08 14:50:39	1	5	15	0
    84167	2017-02-08 14:50:46	1	5	15	0
    87082	2017-02-08 14:52:37	1	5	1	0
    30010	2017-02-08 14:55:02	1	5	1	0
    30010	2017-02-08 14:55:06	1	5	1	0
    71048	2017-02-08 15:01:18	1	5	15	0
    71048	2017-02-08 15:01:19	1	5	15	0
    78064	2017-02-08 15:01:25	1	5	1	0
    58049	2017-02-08 15:01:29	1	5	15	0
    58049	2017-02-08 15:01:30	1	5	1	0
    58049	2017-02-08 15:01:33	1	5	1	0
    88130	2017-02-08 15:01:45	1	5	15	0
    88130	2017-02-08 15:01:47	1	5	15	0
    84004	2017-02-08 15:02:01	1	5	1	0
     1111	2017-02-08 15:03:35	1	5	15	0
     1111	2017-02-08 15:03:37	1	5	15	0
    72111	2017-02-08 15:03:58	1	5	1	0
    84110	2017-02-08 15:04:29	1	5	15	0
    84110	2017-02-08 15:04:31	1	5	15	0
    94042	2017-02-08 15:04:55	1	5	15	0
    94042	2017-02-08 15:04:57	1	5	15	0
    73085	2017-02-08 15:06:13	1	5	15	0
    73085	2017-02-08 15:06:14	1	5	15	0
    30066	2017-02-08 15:07:10	1	5	15	0
    30021	2017-02-08 15:07:16	1	5	15	0
    30021	2017-02-08 15:07:18	1	5	15	0
    78086	2017-02-08 15:08:29	1	5	15	0
    78086	2017-02-08 15:08:31	1	5	15	0
    30065	2017-02-08 15:10:19	1	5	1	0
     1117	2017-02-08 15:10:53	1	5	15	0
    88032	2017-02-08 15:14:53	1	5	1	0
    75133	2017-02-08 15:17:56	1	5	15	0
    75133	2017-02-08 15:17:58	1	5	15	0
    75133	2017-02-08 15:18:00	1	5	15	0
    75133	2017-02-08 15:18:02	1	5	15	0
    75133	2017-02-08 15:18:03	1	5	1	0
    75133	2017-02-08 15:18:06	1	5	15	0
    88017	2017-02-08 15:27:53	1	5	1	0
    62015	2017-02-08 15:28:11	1	5	1	0
    91069	2017-02-08 15:28:19	1	5	1	0
    88036	2017-02-08 15:41:03	1	5	1	0
    53022	2017-02-08 15:57:56	1	5	15	0
    53022	2017-02-08 15:57:58	1	5	15	0
    92018	2017-02-08 17:01:09	1	5	1	0
    66061	2017-02-08 17:01:20	1	5	1	0
    61032	2017-02-08 17:01:25	1	5	1	0
    61024	2017-02-08 17:01:50	1	5	1	0
    83126	2017-02-08 17:02:03	1	5	15	0
    71010	2017-02-08 17:02:23	1	5	1	0
    85140	2017-02-08 17:02:33	1	5	15	0
    71009	2017-02-08 17:02:42	1	5	1	0
    77080	2017-02-08 17:02:54	1	5	15	0
    77080	2017-02-08 17:02:56	1	5	15	0
    88117	2017-02-08 17:03:03	1	5	15	0
    88117	2017-02-08 17:03:04	1	5	15	0
    77151	2017-02-08 17:03:19	1	5	15	0
    30040	2017-02-08 17:03:23	1	5	1	0
    30040	2017-02-08 17:03:25	1	5	1	0
    70082	2017-02-08 17:03:30	1	5	15	0
    70082	2017-02-08 17:03:32	1	5	15	0
    70082	2017-02-08 17:03:33	1	5	15	0
    83014	2017-02-08 17:03:41	1	5	15	0
    83014	2017-02-08 17:03:42	1	5	15	0
    83014	2017-02-08 17:03:54	1	5	15	0
    83014	2017-02-08 17:04:06	1	5	15	0
    83014	2017-02-08 17:04:07	1	5	1	0
    77126	2017-02-08 17:04:40	1	5	15	0
    77126	2017-02-08 17:04:42	1	5	15	0
    58026	2017-02-08 17:06:58	1	5	1	0
    89054	2017-02-08 17:07:29	1	5	15	0
    89054	2017-02-08 17:07:31	1	5	15	0
    65015	2017-02-08 17:35:13	1	5	1	0
    65015	2017-02-08 17:36:02	1	5	15	0
    56023	2017-02-08 17:36:31	1	5	15	0
    56023	2017-02-08 17:36:32	1	5	15	0
    91051	2017-02-08 17:36:41	1	5	15	0
    91051	2017-02-08 17:36:43	1	5	15	0
    65015	2017-02-08 17:36:57	1	5	15	0
    60066	2017-02-08 17:48:18	1	5	15	0
    60066	2017-02-08 17:48:20	1	5	15	0
    60066	2017-02-08 17:48:22	1	5	15	0
    85087	2017-02-08 18:05:48	1	5	15	0
    80149	2017-02-08 18:17:37	1	5	15	0
    56063	2017-02-08 18:19:06	1	5	15	0
    76147	2017-02-08 20:43:14	1	5	1	0
    69007	2017-02-08 22:00:42	1	5	15	0
     1119	2017-02-08 22:11:33	1	5	1	0
    75098	2017-02-08 22:14:50	1	5	1	0
    75098	2017-02-08 22:14:52	1	5	15	0
    30022	2017-02-08 22:25:39	1	5	1	0
    70014	2017-02-08 22:26:22	1	5	1	0
    91058	2017-02-08 22:31:23	1	5	15	0
    55028	2017-02-08 22:32:54	1	5	15	0
    55028	2017-02-08 22:32:56	1	5	15	0
    93040	2017-02-08 22:39:46	1	5	15	0
    89088	2017-02-08 22:41:10	1	5	1	0
    89088	2017-02-08 22:41:12	1	5	1	0
    85150	2017-02-08 22:41:21	1	5	15	0
    72048	2017-02-08 22:44:07	1	5	15	0
    72048	2017-02-08 22:44:09	1	5	15	0
    85112	2017-02-08 22:44:43	1	5	1	0
    67038	2017-02-08 22:44:52	1	5	1	0
    91040	2017-02-08 22:58:43	1	5	1	0
    92027	2017-02-08 22:59:22	1	5	15	0
    82155	2017-02-08 23:01:07	1	5	1	0
    84167	2017-02-08 23:01:14	1	5	15	0
    84167	2017-02-08 23:01:16	1	5	15	0
    74034	2017-02-08 23:01:33	1	5	1	0
    87006	2017-02-08 23:01:40	1	5	1	0
    30010	2017-02-08 23:01:50	1	5	1	0
     1092	2017-02-08 23:01:58	1	5	1	0
     1092	2017-02-08 23:02:00	1	5	1	0
    83106	2017-02-08 23:03:05	1	5	1	0
    83106	2017-02-08 23:03:07	1	5	1	0
    84157	2017-02-08 23:03:15	1	5	1	0
    77118	2017-02-08 23:09:16	1	5	1	0
    77118	2017-02-08 23:09:24	1	5	1	0
    91049	2017-02-08 23:12:42	1	5	1	0
    94017	2017-02-08 23:12:48	1	5	1	0
    87082	2017-02-08 23:12:54	1	5	1	0
    69017	2017-02-08 23:14:07	1	5	15	0
    69017	2017-02-08 23:14:09	1	5	15	0
    91048	2017-02-08 23:21:28	1	5	15	0
    91048	2017-02-08 23:21:31	1	5	15	0
    79029	2017-02-09 04:17:07	1	5	15	0
    79029	2017-02-09 04:17:09	1	5	15	0
    60066	2017-02-09 06:07:17	1	5	1	0
    60066	2017-02-09 06:07:20	1	5	1	0
    72031	2017-02-09 06:21:17	1	5	15	0
    72031	2017-02-09 06:21:19	1	5	15	0
    58049	2017-02-09 06:24:30	1	5	1	0
    64025	2017-02-09 06:36:52	1	5	1	0
    72111	2017-02-09 06:38:31	1	5	15	0
    72111	2017-02-09 06:38:35	1	5	1	0
    78064	2017-02-09 06:43:58	1	5	1	0
    77067	2017-02-09 06:44:24	1	5	1	0
    77067	2017-02-09 06:44:27	1	5	1	0
    77067	2017-02-09 06:44:29	1	5	1	0
    77080	2017-02-09 06:44:49	1	5	15	0
    77080	2017-02-09 06:44:51	1	5	15	0
    77080	2017-02-09 06:44:53	1	5	15	0
    71009	2017-02-09 06:46:23	1	5	15	0
    71009	2017-02-09 06:46:24	1	5	15	0
    30023	2017-02-09 06:48:48	1	5	15	0
    30023	2017-02-09 06:48:50	1	5	15	0
    30021	2017-02-09 06:49:14	1	5	15	0
    30021	2017-02-09 06:49:16	1	5	15	0
    87136	2017-02-09 06:49:34	1	5	1	0
    88032	2017-02-09 06:49:59	1	5	1	0
    30066	2017-02-09 06:50:15	1	5	15	0
    57020	2017-02-09 06:51:04	1	5	15	0
    57020	2017-02-09 06:51:06	1	5	15	0
    57020	2017-02-09 06:51:08	1	5	15	0
    57020	2017-02-09 06:51:09	1	5	15	0
    93017	2017-02-09 06:51:39	1	5	1	0
    62015	2017-02-09 06:52:54	1	5	1	0
    87044	2017-02-09 06:53:11	1	5	1	0
    88036	2017-02-09 06:53:22	1	5	15	0
     1119	2017-02-09 06:55:33	1	5	1	0
    73006	2017-02-09 06:57:00	1	5	1	0
    55028	2017-02-09 07:00:30	1	5	15	0
    55028	2017-02-09 07:00:40	1	5	15	0
    73034	2017-02-09 07:01:05	1	5	15	0
    73034	2017-02-09 07:01:07	1	5	15	0
    91040	2017-02-09 07:01:47	1	5	1	0
    85024	2017-02-09 07:03:05	1	5	15	0
    85024	2017-02-09 07:03:08	1	5	15	0
    30065	2017-02-09 07:03:15	1	5	1	0
    91058	2017-02-09 07:03:34	1	5	1	0
    70014	2017-02-09 07:04:44	1	5	1	0
    89088	2017-02-09 07:04:50	1	5	1	0
    89088	2017-02-09 07:04:54	1	5	1	0
    93040	2017-02-09 07:07:11	1	5	1	0
    72048	2017-02-09 07:07:47	1	5	15	0
    72048	2017-02-09 07:07:48	1	5	15	0
    75098	2017-02-09 07:07:53	1	5	1	0
    85112	2017-02-09 07:12:20	1	5	1	0
    61024	2017-02-09 07:14:22	1	5	1	0
    85150	2017-02-09 07:18:48	1	5	1	0
    30022	2017-02-09 07:21:16	1	5	1	0
    58026	2017-02-09 07:21:48	1	5	15	0
    58026	2017-02-09 07:21:49	1	5	1	0
    61032	2017-02-09 07:22:49	1	5	1	0
    67038	2017-02-09 07:23:20	1	5	1	0
    83126	2017-02-09 07:24:18	1	5	1	0
    91051	2017-02-09 07:28:15	1	5	15	0
    91051	2017-02-09 07:28:17	1	5	15	0
    95004	2017-02-09 07:30:20	1	5	15	0
    95004	2017-02-09 07:30:22	1	5	15	0
    56063	2017-02-09 07:34:27	1	5	1	0
    92027	2017-02-09 07:36:46	1	5	15	0
    72009	2017-02-09 07:40:52	1	5	1	0
    72009	2017-02-09 07:40:58	1	5	15	0
    72009	2017-02-09 07:41:00	1	5	15	0
    71010	2017-02-09 07:41:06	1	5	15	0
    71010	2017-02-09 07:41:11	1	5	1	0
    77126	2017-02-09 07:46:33	1	5	15	0
    77126	2017-02-09 07:46:35	1	5	15	0
    72085	2017-02-09 07:46:38	1	5	15	0
    72085	2017-02-09 07:46:40	1	5	15	0
    89054	2017-02-09 07:47:28	1	5	1	0
    75132	2017-02-09 07:49:09	1	5	1	0
    77151	2017-02-09 07:56:03	1	5	1	0
    30040	2017-02-09 07:58:37	1	5	1	0
    70082	2017-02-09 08:00:50	1	5	15	0
    70082	2017-02-09 08:00:52	1	5	15	0
        1	2017-02-09 08:01:18	1	5	15	0
    88117	2017-02-09 08:02:22	1	5	15	0
    88117	2017-02-09 08:02:24	1	5	15	0
    65015	2017-02-09 08:04:18	1	5	15	0
    92018	2017-02-09 08:04:32	1	5	1	0
    81097	2017-02-09 08:14:50	1	5	1	0
    56023	2017-02-09 08:22:53	1	5	1	0
    76147	2017-02-09 08:41:09	1	5	1	0
    83162	2017-02-09 09:06:11	1	5	1	0
