    94055	2021-01-01 08:06:50	2	0	1	0
    91074	2021-01-01 08:09:08	2	0	1	0
    86164	2021-01-01 08:29:20	2	1	1	0
    71054	2021-01-01 10:50:17	2	1	1	0
    94055	2021-01-01 12:05:44	2	1	1	0
    90041	2021-01-01 12:05:49	2	1	1	0
    91074	2021-01-01 12:05:55	2	1	1	0
    73078	2021-01-01 12:25:28	2	1	1	0
    73078	2021-01-01 12:25:31	2	1	1	0
    73078	2021-01-01 12:25:33	2	1	1	0
    73078	2021-01-01 12:25:45	2	1	1	0
    73078	2021-01-01 12:25:50	2	1	1	0
    73078	2021-01-01 12:25:53	2	1	1	0
    73078	2021-01-01 12:25:56	2	1	1	0
    73078	2021-01-01 12:25:58	2	1	1	0
    90041	2021-01-01 12:37:01	2	0	1	0
    90041	2021-01-01 12:37:03	2	0	1	0
    94055	2021-01-01 12:37:07	2	0	1	0
    91074	2021-01-01 12:37:15	2	0	1	0
    63021	2021-01-01 12:41:21	2	1	1	0
    73078	2021-01-01 12:50:44	2	0	1	0
    73078	2021-01-01 12:50:47	2	0	1	0
    73078	2021-01-01 12:50:50	2	0	1	0
    73078	2021-01-01 12:51:17	2	0	1	0
    73078	2021-01-01 12:51:24	2	0	1	0
    73078	2021-01-01 12:51:27	2	0	1	0
    73078	2021-01-01 12:51:31	2	0	1	0
    73078	2021-01-01 12:51:32	2	0	1	0
    68042	2021-01-01 12:57:40	2	0	1	0
    68042	2021-01-01 12:57:41	2	0	1	0
    99926	2021-01-01 14:53:08	2	0	1	0
    99926	2021-01-01 14:53:09	2	0	1	0
    99926	2021-01-01 14:53:10	2	0	1	0
    87141	2021-01-01 16:07:25	2	0	1	0
    87141	2021-01-01 16:07:26	2	0	1	0
    87141	2021-01-01 16:07:27	2	0	1	0
    87141	2021-01-01 16:07:53	2	1	1	0
    87141	2021-01-01 16:07:54	2	1	1	0
    87141	2021-01-01 16:07:55	2	1	1	0
    87141	2021-01-01 16:07:57	2	1	1	0
    87141	2021-01-01 16:07:58	2	1	1	0
    69062	2021-01-01 16:08:10	2	1	3	0
    69062	2021-01-01 16:08:15	2	1	3	0
    69062	2021-01-01 16:08:25	2	1	3	0
    73079	2021-01-01 16:13:11	2	1	1	0
    73079	2021-01-01 16:13:13	2	1	1	0
    73079	2021-01-01 16:13:14	2	1	1	0
    73079	2021-01-01 16:13:15	2	1	1	0
    73079	2021-01-01 16:13:17	2	1	1	0
    68042	2021-01-01 17:00:22	2	1	1	0
    68042	2021-01-01 17:00:23	2	1	1	0
    91074	2021-01-01 17:00:37	2	1	1	0
    94055	2021-01-01 17:00:41	2	1	1	0
    90041	2021-01-01 17:00:45	2	1	1	0
    90041	2021-01-01 17:00:46	2	1	1	0
    73078	2021-01-01 17:01:01	2	1	1	0
    73078	2021-01-01 17:01:04	2	1	1	0
    73078	2021-01-01 17:01:07	2	1	1	0
    73078	2021-01-01 17:01:09	2	1	1	0
    73078	2021-01-01 17:01:10	2	1	1	0
    54039	2021-01-02 07:45:46	2	0	1	0
    54039	2021-01-02 07:45:47	2	0	1	0
    54039	2021-01-02 07:45:49	2	0	1	0
    73078	2021-01-02 07:56:54	2	0	1	0
    73078	2021-01-02 07:56:57	2	0	1	0
    73078	2021-01-02 07:56:59	2	0	1	0
    73078	2021-01-02 07:57:02	2	0	1	0
    73078	2021-01-02 07:57:12	2	0	1	0
    73078	2021-01-02 07:57:14	2	0	1	0
    73078	2021-01-02 07:57:15	2	0	1	0
    65079	2021-01-02 07:57:49	2	0	1	0
    65079	2021-01-02 07:57:51	2	0	1	0
    65079	2021-01-02 07:57:53	2	0	1	0
    65079	2021-01-02 07:57:55	2	0	1	0
    91074	2021-01-02 08:00:08	2	0	1	0
    90117	2021-01-02 08:01:02	2	0	1	0
    90117	2021-01-02 08:01:03	2	0	1	0
    90117	2021-01-02 08:01:04	2	0	1	0
    79021	2021-01-02 08:01:20	2	0	1	0
    79021	2021-01-02 08:01:21	2	0	1	0
    19117	2021-01-02 08:01:41	2	0	1	0
    19117	2021-01-02 08:01:42	2	0	1	0
    19117	2021-01-02 08:01:43	2	0	1	0
    81032	2021-01-02 08:02:39	2	0	1	0
    81032	2021-01-02 08:02:41	2	0	1	0
    81032	2021-01-02 08:02:43	2	0	1	0
    81032	2021-01-02 08:02:45	2	0	1	0
    81032	2021-01-02 08:02:53	2	0	1	0
    81032	2021-01-02 08:02:58	2	0	1	0
    83035	2021-01-02 08:08:40	2	0	1	0
    83035	2021-01-02 08:08:41	2	0	1	0
    83035	2021-01-02 08:08:43	2	0	1	0
    65042	2021-01-02 08:10:50	2	0	1	0
    65042	2021-01-02 08:10:52	2	0	1	0
    66054	2021-01-02 08:10:54	2	0	1	0
    66054	2021-01-02 08:10:56	2	0	1	0
    66054	2021-01-02 08:10:57	2	0	1	0
    68040	2021-01-02 08:19:43	2	1	1	0
    68040	2021-01-02 08:19:46	2	1	1	0
    19113	2021-01-02 08:31:02	2	0	1	0
    19113	2021-01-02 08:31:03	2	0	1	0
    63020	2021-01-02 09:18:38	2	0	1	0
    63020	2021-01-02 09:18:41	2	0	1	0
    86170	2021-01-02 11:12:03	2	0	1	0
    86170	2021-01-02 11:12:04	2	0	1	0
    86170	2021-01-02 11:12:07	2	0	1	0
    65079	2021-01-02 12:03:29	2	1	1	0
    65079	2021-01-02 12:03:31	2	1	1	0
    65079	2021-01-02 12:03:32	2	1	1	0
    65079	2021-01-02 12:03:34	2	1	1	0
    83035	2021-01-02 12:03:44	2	1	1	0
    83035	2021-01-02 12:03:45	2	1	1	0
    83035	2021-01-02 12:03:46	2	1	1	0
    63020	2021-01-02 12:05:27	2	1	1	0
    63020	2021-01-02 12:05:29	2	1	1	0
    63020	2021-01-02 12:05:35	2	1	1	0
    19113	2021-01-02 12:07:06	2	1	1	0
    19113	2021-01-02 12:07:07	2	1	1	0
    89037	2021-01-02 12:07:10	2	1	1	0
    89037	2021-01-02 12:07:12	2	1	1	0
    54039	2021-01-02 12:09:51	2	1	1	0
    54039	2021-01-02 12:09:53	2	1	1	0
    54039	2021-01-02 12:09:54	2	1	1	0
    91074	2021-01-02 12:13:16	2	1	1	0
    95038	2021-01-02 12:15:50	2	1	1	0
    95038	2021-01-02 12:15:51	2	1	1	0
    90117	2021-01-02 12:15:54	2	1	1	0
    90117	2021-01-02 12:15:55	2	1	1	0
    90117	2021-01-02 12:15:56	2	1	1	0
    79021	2021-01-02 12:16:02	2	1	1	0
    79021	2021-01-02 12:16:03	2	1	1	0
    19117	2021-01-02 12:22:23	2	1	1	0
    19117	2021-01-02 12:22:24	2	1	1	0
    19117	2021-01-02 12:22:26	2	1	1	0
    66054	2021-01-02 12:24:12	2	1	1	0
    66054	2021-01-02 12:24:14	2	1	1	0
    66054	2021-01-02 12:24:16	2	1	1	0
    65042	2021-01-02 12:24:27	2	1	1	0
    65042	2021-01-02 12:24:30	2	1	1	0
    65042	2021-01-02 12:24:33	2	1	1	0
    73078	2021-01-02 12:27:12	2	1	1	0
    73078	2021-01-02 12:27:22	2	1	1	0
    73078	2021-01-02 12:27:23	2	1	1	0
    63021	2021-01-02 12:33:07	2	1	1	0
    91074	2021-01-02 12:33:40	2	0	1	0
    65079	2021-01-02 12:33:44	2	0	1	0
    65079	2021-01-02 12:33:45	2	0	1	0
    65079	2021-01-02 12:33:47	2	0	1	0
    65079	2021-01-02 12:33:48	2	0	1	0
    63020	2021-01-02 12:54:35	2	0	1	0
    63020	2021-01-02 12:54:37	2	0	1	0
    63020	2021-01-02 12:54:43	2	0	1	0
    73078	2021-01-02 12:54:48	2	0	1	0
    73078	2021-01-02 12:54:53	2	0	1	0
    73078	2021-01-02 12:54:56	2	0	1	0
    73078	2021-01-02 12:54:58	2	0	1	0
    91074	2021-01-02 17:00:19	2	1	1	0
    65079	2021-01-02 17:00:28	2	1	1	0
    65079	2021-01-02 17:00:30	2	1	1	0
    65079	2021-01-02 17:00:32	2	1	1	0
    65079	2021-01-02 17:00:34	2	1	1	0
    63020	2021-01-02 17:02:13	2	1	1	0
    63020	2021-01-02 17:02:15	2	1	1	0
    73078	2021-01-02 17:02:30	2	1	1	0
    73078	2021-01-02 17:02:32	2	1	1	0
    73078	2021-01-02 17:02:38	2	1	1	0
    73078	2021-01-02 17:02:40	2	1	1	0
    73078	2021-01-02 17:02:43	2	1	1	0
    73078	2021-01-02 17:02:49	2	1	1	0
    73078	2021-01-02 17:02:50	2	1	1	0
    63020	2021-01-02 17:02:54	2	1	1	0
    65079	2021-01-03 07:52:40	2	0	1	0
    65079	2021-01-03 07:52:41	2	0	1	0
    65079	2021-01-03 07:52:43	2	0	1	0
    65079	2021-01-03 07:52:45	2	0	1	0
    73078	2021-01-03 07:58:53	2	0	1	0
    73078	2021-01-03 07:59:07	2	0	1	0
    73078	2021-01-03 07:59:09	2	0	1	0
    73078	2021-01-03 07:59:11	2	0	1	0
    91074	2021-01-03 07:59:20	2	0	1	0
    93035	2021-01-03 08:00:10	2	0	1	0
    93035	2021-01-03 08:00:11	2	0	1	0
    81032	2021-01-03 12:01:20	2	0	1	0
    81032	2021-01-03 12:01:21	2	0	1	0
    82154	2021-01-03 12:01:37	2	1	1	0
    82154	2021-01-03 12:01:38	2	1	1	0
    65079	2021-01-03 12:17:17	2	1	1	0
    65079	2021-01-03 12:17:19	2	1	1	0
    65079	2021-01-03 12:17:20	2	1	1	0
    65079	2021-01-03 12:17:21	2	1	1	0
    91074	2021-01-03 12:17:24	2	1	1	0
    73078	2021-01-03 12:20:07	2	1	1	0
    73078	2021-01-03 12:20:14	2	1	1	0
    73078	2021-01-03 12:20:16	2	1	1	0
    65079	2021-01-03 12:33:40	2	0	1	0
    65079	2021-01-03 12:33:41	2	0	1	0
    65079	2021-01-03 12:33:43	2	0	1	0
    91074	2021-01-03 12:33:48	2	0	1	0
    73078	2021-01-03 12:53:50	2	0	1	0
    73078	2021-01-03 12:53:52	2	0	1	0
    73078	2021-01-03 12:54:07	2	0	1	0
    73078	2021-01-03 12:54:11	2	0	1	0
    73078	2021-01-03 12:54:14	2	0	1	0
    73078	2021-01-03 12:54:16	2	0	1	0
    99926	2021-01-03 15:02:15	2	1	1	0
    99926	2021-01-03 15:02:16	2	1	1	0
    99926	2021-01-03 15:02:17	2	1	1	0
    73078	2021-01-03 17:01:02	2	1	1	0
    73078	2021-01-03 17:01:05	2	1	1	0
    73078	2021-01-03 17:01:06	2	1	1	0
    73078	2021-01-03 17:01:10	2	1	1	0
    73078	2021-01-03 17:01:18	2	1	1	0
    73078	2021-01-03 17:01:20	2	1	1	0
    65079	2021-01-03 17:01:24	2	1	1	0
    65079	2021-01-03 17:01:26	2	1	1	0
    65079	2021-01-03 17:01:27	2	1	1	0
    91074	2021-01-03 17:01:34	2	1	1	0
    81106	2021-01-03 17:02:31	2	1	1	0
    81106	2021-01-03 17:02:33	2	1	1	0
    81003	2021-01-04 06:51:14	2	0	1	0
    81003	2021-01-04 06:51:15	2	0	1	0
    70042	2021-01-04 06:52:14	2	0	1	0
    70042	2021-01-04 06:52:15	2	0	1	0
    72024	2021-01-04 06:54:25	2	0	1	0
    72024	2021-01-04 06:54:38	2	0	1	0
    79050	2021-01-04 07:02:30	2	0	1	0
    79050	2021-01-04 07:02:31	2	0	1	0
    79050	2021-01-04 07:02:32	2	0	1	0
    57027	2021-01-04 07:17:35	2	0	1	0
    57027	2021-01-04 07:17:37	2	0	1	0
    57027	2021-01-04 07:17:38	2	0	1	0
    71129	2021-01-04 07:23:32	2	0	1	0
    71129	2021-01-04 07:23:34	2	0	1	0
    77041	2021-01-04 07:23:40	2	0	1	0
    68042	2021-01-04 07:24:18	2	0	1	0
    68042	2021-01-04 07:24:19	2	0	1	0
    68042	2021-01-04 07:24:20	2	0	1	0
    76065	2021-01-04 07:27:29	2	0	1	0
    76065	2021-01-04 07:27:31	2	0	1	0
    60035	2021-01-04 07:28:31	2	0	3	0
    60035	2021-01-04 07:28:38	2	0	3	0
    76065	2021-01-04 07:28:46	2	0	1	0
    76065	2021-01-04 07:28:47	2	0	1	0
    76065	2021-01-04 07:28:49	2	0	1	0
    54039	2021-01-04 07:29:06	2	0	1	0
    54039	2021-01-04 07:29:10	2	0	1	0
    54039	2021-01-04 07:29:11	2	0	1	0
    54039	2021-01-04 07:29:13	2	0	1	0
    67041	2021-01-04 07:30:17	2	0	1	0
    67041	2021-01-04 07:30:23	2	0	1	0
    94088	2021-01-04 07:30:48	2	0	1	0
    94088	2021-01-04 07:30:50	2	0	1	0
    69014	2021-01-04 07:32:50	2	0	1	0
    69014	2021-01-04 07:32:51	2	0	1	0
    69014	2021-01-04 07:32:53	2	0	1	0
    82143	2021-01-04 07:33:16	2	0	1	0
    82143	2021-01-04 07:33:18	2	0	1	0
    82143	2021-01-04 07:33:19	2	0	1	0
    90041	2021-01-04 07:40:25	2	0	1	0
    90041	2021-01-04 07:40:27	2	0	1	0
    70074	2021-01-04 07:40:35	2	0	1	0
    70074	2021-01-04 07:40:37	2	0	1	0
    71013	2021-01-04 07:41:37	2	0	1	0
    71013	2021-01-04 07:41:39	2	0	1	0
    91074	2021-01-04 07:42:44	2	0	1	0
    65079	2021-01-04 07:42:50	2	0	1	0
    65079	2021-01-04 07:42:52	2	0	1	0
    65079	2021-01-04 07:42:53	2	0	1	0
    65079	2021-01-04 07:42:56	2	0	1	0
    77038	2021-01-04 07:44:09	2	0	1	0
    77038	2021-01-04 07:44:10	2	0	1	0
    77038	2021-01-04 07:44:16	2	0	1	0
    82008	2021-01-04 07:44:35	2	0	1	0
    82008	2021-01-04 07:44:36	2	0	1	0
    82008	2021-01-04 07:44:39	2	0	1	0
    82008	2021-01-04 07:44:41	2	0	1	0
    96012	2021-01-04 07:44:44	2	0	1	0
    96012	2021-01-04 07:44:45	2	0	1	0
    96012	2021-01-04 07:44:46	2	0	1	0
    96012	2021-01-04 07:44:48	2	0	1	0
    70018	2021-01-04 07:44:59	2	0	1	0
    70018	2021-01-04 07:45:00	2	0	1	0
    71071	2021-01-04 07:45:38	2	0	1	0
    81032	2021-01-04 07:45:46	2	0	1	0
    81032	2021-01-04 07:45:48	2	0	1	0
    84188	2021-01-04 07:45:52	2	0	1	0
    84188	2021-01-04 07:45:54	2	0	1	0
    84188	2021-01-04 07:45:55	2	0	1	0
    68066	2021-01-04 07:46:01	2	0	1	0
    68066	2021-01-04 07:46:02	2	0	1	0
    68066	2021-01-04 07:46:04	2	0	1	0
    99613	2021-01-04 07:46:27	2	0	1	0
    99613	2021-01-04 07:46:28	2	0	1	0
    99613	2021-01-04 07:46:29	2	0	1	0
    99613	2021-01-04 07:46:30	2	0	1	0
    73078	2021-01-04 07:46:49	2	0	1	0
    73078	2021-01-04 07:46:53	2	0	1	0
    73078	2021-01-04 07:46:54	2	0	1	0
    64001	2021-01-04 07:46:59	2	0	1	0
    64001	2021-01-04 07:47:01	2	0	1	0
    89037	2021-01-04 07:47:05	2	0	1	0
    89037	2021-01-04 07:47:07	2	0	1	0
    92086	2021-01-04 07:47:09	2	0	1	0
    92086	2021-01-04 07:47:11	2	0	1	0
    91026	2021-01-04 07:47:14	2	0	1	0
    91026	2021-01-04 07:47:15	2	0	1	0
    91026	2021-01-04 07:47:16	2	0	1	0
    84160	2021-01-04 07:47:31	2	0	1	0
    84160	2021-01-04 07:47:32	2	0	1	0
    84160	2021-01-04 07:47:33	2	0	1	0
    56024	2021-01-04 07:47:50	2	0	1	0
    57056	2021-01-04 07:48:00	2	0	1	0
    57056	2021-01-04 07:48:02	2	0	1	0
    57056	2021-01-04 07:48:04	2	0	1	0
    59046	2021-01-04 07:48:12	2	0	1	0
    59046	2021-01-04 07:48:14	2	0	1	0
    77063	2021-01-04 07:48:42	2	0	1	0
    77063	2021-01-04 07:48:43	2	0	1	0
    19117	2021-01-04 07:49:42	2	0	1	0
    19117	2021-01-04 07:49:43	2	0	1	0
    19117	2021-01-04 07:49:44	2	0	1	0
    86094	2021-01-04 07:49:55	2	0	1	0
    82038	2021-01-04 07:51:03	2	0	1	0
    82038	2021-01-04 07:51:05	2	0	1	0
    90117	2021-01-04 07:51:20	2	0	1	0
    90117	2021-01-04 07:51:21	2	0	1	0
    90117	2021-01-04 07:51:22	2	0	1	0
    70018	2021-01-04 07:52:22	2	0	1	0
    76019	2021-01-04 07:53:40	2	0	1	0
    76019	2021-01-04 07:53:41	2	0	1	0
    79021	2021-01-04 07:53:51	2	0	1	0
    79021	2021-01-04 07:53:52	2	0	1	0
    93066	2021-01-04 07:53:57	2	0	1	0
    93066	2021-01-04 07:53:58	2	0	1	0
    94055	2021-01-04 07:54:49	2	0	1	0
    76036	2021-01-04 07:54:53	2	0	1	0
    76036	2021-01-04 07:54:54	2	0	1	0
    80022	2021-01-04 07:54:57	2	0	1	0
    80022	2021-01-04 07:54:59	2	0	1	0
    70048	2021-01-04 07:55:02	2	0	1	0
    66054	2021-01-04 07:55:06	2	0	1	0
    66054	2021-01-04 07:55:07	2	0	1	0
    19004	2021-01-04 07:55:10	2	0	1	0
    77084	2021-01-04 07:55:16	2	0	1	0
    86179	2021-01-04 07:55:23	2	0	1	0
    86179	2021-01-04 07:55:24	2	0	1	0
    86179	2021-01-04 07:55:25	2	0	1	0
    77084	2021-01-04 07:55:50	2	0	1	0
    77084	2021-01-04 07:55:51	2	0	1	0
    19057	2021-01-04 07:56:11	2	0	1	0
    95038	2021-01-04 07:56:21	2	0	1	0
    95038	2021-01-04 07:56:22	2	0	1	0
    73095	2021-01-04 08:09:14	2	0	1	0
    73095	2021-01-04 08:09:16	2	0	1	0
    73095	2021-01-04 08:09:17	2	0	1	0
    86062	2021-01-04 08:09:21	2	0	1	0
    19113	2021-01-04 08:18:10	2	0	1	0
    19113	2021-01-04 08:18:11	2	0	1	0
    92021	2021-01-04 08:19:18	2	0	1	0
    92021	2021-01-04 08:19:19	2	0	1	0
    76105	2021-01-04 08:19:22	2	0	1	0
    86110	2021-01-04 10:55:59	2	0	1	0
    86110	2021-01-04 10:56:00	2	0	1	0
    86110	2021-01-04 10:56:02	2	0	1	0
    77024	2021-01-04 11:00:22	2	0	1	0
    77024	2021-01-04 11:00:24	2	0	1	0
    81003	2021-01-04 12:00:28	2	1	1	0
    81003	2021-01-04 12:00:30	2	1	1	0
    60035	2021-01-04 12:00:42	2	1	3	0
    60035	2021-01-04 12:01:06	2	1	3	0
    61037	2021-01-04 12:01:16	2	1	3	0
    61037	2021-01-04 12:01:23	2	1	3	0
    56024	2021-01-04 12:01:56	2	1	1	0
    56024	2021-01-04 12:01:58	2	1	1	0
    69014	2021-01-04 12:02:05	2	1	1	0
    69014	2021-01-04 12:02:07	2	1	1	0
    81032	2021-01-04 12:03:39	2	1	1	0
    81032	2021-01-04 12:03:40	2	1	1	0
    81032	2021-01-04 12:03:42	2	1	1	0
    81032	2021-01-04 12:03:43	2	1	1	0
    72024	2021-01-04 12:03:52	2	1	1	0
    72024	2021-01-04 12:03:54	2	1	1	0
    76019	2021-01-04 12:04:06	2	1	1	0
    76019	2021-01-04 12:04:07	2	1	1	0
    76019	2021-01-04 12:04:08	2	1	1	0
    81171	2021-01-04 12:04:27	2	1	1	0
    81171	2021-01-04 12:04:29	2	1	1	0
    81171	2021-01-04 12:04:30	2	1	1	0
    81171	2021-01-04 12:04:31	2	1	1	0
    92021	2021-01-04 12:04:33	2	1	1	0
    92021	2021-01-04 12:04:35	2	1	1	0
    92021	2021-01-04 12:04:36	2	1	1	0
    86111	2021-01-04 12:04:39	2	1	1	0
    19004	2021-01-04 12:04:42	2	1	1	0
    19004	2021-01-04 12:04:43	2	1	1	0
    90041	2021-01-04 12:04:45	2	1	1	0
    83012	2021-01-04 12:04:49	2	1	1	0
    83012	2021-01-04 12:04:50	2	1	1	0
    76152	2021-01-04 12:04:54	2	1	1	0
    76152	2021-01-04 12:04:55	2	1	1	0
    65079	2021-01-04 12:05:03	2	1	1	0
    65079	2021-01-04 12:05:04	2	1	1	0
    65079	2021-01-04 12:05:06	2	1	1	0
    83012	2021-01-04 12:05:07	2	1	1	0
    68042	2021-01-04 12:05:10	2	1	1	0
    68042	2021-01-04 12:05:11	2	1	1	0
    93066	2021-01-04 12:05:13	2	1	1	0
    93066	2021-01-04 12:05:14	2	1	1	0
    82008	2021-01-04 12:05:16	2	1	1	0
    82008	2021-01-04 12:05:20	2	1	1	0
    77041	2021-01-04 12:05:30	2	1	1	0
    94055	2021-01-04 12:06:46	2	1	1	0
    70018	2021-01-04 12:08:02	2	1	1	0
    70018	2021-01-04 12:08:04	2	1	1	0
    65049	2021-01-04 12:08:10	2	1	1	0
    65049	2021-01-04 12:08:12	2	1	1	0
    76019	2021-01-04 12:09:20	2	1	1	0
    76019	2021-01-04 12:09:22	2	1	1	0
    54039	2021-01-04 12:09:38	2	1	1	0
    54039	2021-01-04 12:09:40	2	1	1	0
    54039	2021-01-04 12:09:42	2	1	1	0
    77084	2021-01-04 12:09:59	2	1	1	0
    77084	2021-01-04 12:10:00	2	1	1	0
    70048	2021-01-04 12:10:11	2	1	1	0
    70048	2021-01-04 12:10:12	2	1	1	0
    95038	2021-01-04 12:10:42	2	1	1	0
    95038	2021-01-04 12:10:43	2	1	1	0
    78043	2021-01-04 12:12:08	2	1	1	0
    78043	2021-01-04 12:12:10	2	1	1	0
    82143	2021-01-04 12:12:14	2	1	1	0
    82143	2021-01-04 12:12:15	2	1	1	0
    94088	2021-01-04 12:13:13	2	1	1	0
    94088	2021-01-04 12:13:15	2	1	1	0
    77038	2021-01-04 12:13:22	2	1	1	0
    77038	2021-01-04 12:13:25	2	1	1	0
    80047	2021-01-04 12:14:00	2	1	1	0
    80047	2021-01-04 12:14:01	2	1	1	0
    82008	2021-01-04 12:14:15	2	1	1	0
    82008	2021-01-04 12:14:17	2	1	1	0
    82008	2021-01-04 12:14:23	2	1	1	0
    82008	2021-01-04 12:14:25	2	1	1	0
    63020	2021-01-04 12:14:49	2	1	1	0
    63020	2021-01-04 12:14:51	2	1	1	0
    91074	2021-01-04 12:17:15	2	1	1	0
    73078	2021-01-04 12:18:56	2	1	1	0
    73078	2021-01-04 12:18:58	2	1	1	0
    73078	2021-01-04 12:19:01	2	1	1	0
    73078	2021-01-04 12:19:02	2	1	1	0
    72015	2021-01-04 12:19:11	2	1	1	0
    72015	2021-01-04 12:19:13	2	1	1	0
    86062	2021-01-04 12:19:15	2	1	1	0
    83057	2021-01-04 12:19:18	2	1	1	0
    83057	2021-01-04 12:19:19	2	1	1	0
    61037	2021-01-04 12:19:44	2	1	3	0
    61037	2021-01-04 12:19:51	2	1	3	0
    82038	2021-01-04 12:22:05	2	1	1	0
    82038	2021-01-04 12:22:06	2	1	1	0
    77041	2021-01-04 12:29:48	2	1	1	0
    77041	2021-01-04 12:29:52	2	1	1	0
    77041	2021-01-04 12:31:12	2	0	1	0
    77041	2021-01-04 12:31:13	2	0	1	0
    90041	2021-01-04 12:33:56	2	0	1	0
    90041	2021-01-04 12:33:58	2	0	1	0
    65079	2021-01-04 12:34:26	2	0	1	0
    65079	2021-01-04 12:34:28	2	0	1	0
    65079	2021-01-04 12:34:29	2	0	1	0
    70018	2021-01-04 12:35:24	2	0	1	0
    70018	2021-01-04 12:35:25	2	0	1	0
    70018	2021-01-04 12:36:08	2	0	1	0
    83057	2021-01-04 12:36:49	2	0	1	0
    83057	2021-01-04 12:36:50	2	0	1	0
    65049	2021-01-04 12:36:54	2	0	1	0
    65049	2021-01-04 12:36:56	2	0	1	0
    77038	2021-01-04 12:37:20	2	0	1	0
    77038	2021-01-04 12:37:23	2	0	1	0
    94088	2021-01-04 12:37:54	2	0	1	0
    94088	2021-01-04 12:37:58	2	0	1	0
    76019	2021-01-04 12:38:04	2	0	1	0
    76019	2021-01-04 12:38:05	2	0	1	0
    82143	2021-01-04 12:38:14	2	0	1	0
    82143	2021-01-04 12:38:15	2	0	1	0
    63020	2021-01-04 12:38:33	2	0	1	0
    63020	2021-01-04 12:38:35	2	0	1	0
    77084	2021-01-04 12:39:56	2	0	1	0
    77084	2021-01-04 12:39:57	2	0	1	0
    77084	2021-01-04 12:39:58	2	0	1	0
    76152	2021-01-04 12:40:04	2	0	1	0
    76152	2021-01-04 12:40:06	2	0	1	0
    81003	2021-01-04 12:40:08	2	0	1	0
    81003	2021-01-04 12:40:10	2	0	1	0
    60035	2021-01-04 12:40:51	2	0	3	0
    61037	2021-01-04 12:41:42	2	0	3	0
    61037	2021-01-04 12:41:48	2	0	3	0
    72015	2021-01-04 12:41:56	2	0	1	0
    72015	2021-01-04 12:41:57	2	0	1	0
    61037	2021-01-04 12:42:06	2	0	3	0
    73078	2021-01-04 12:42:24	2	0	1	0
    73078	2021-01-04 12:42:26	2	0	1	0
    73078	2021-01-04 12:42:29	2	0	1	0
    73078	2021-01-04 12:42:31	2	0	1	0
    73078	2021-01-04 12:42:35	2	0	1	0
    73078	2021-01-04 12:42:36	2	0	1	0
    72024	2021-01-04 12:42:49	2	0	1	0
    72024	2021-01-04 12:42:55	2	0	1	0
    19004	2021-01-04 12:43:38	2	0	1	0
    19004	2021-01-04 12:43:39	2	0	1	0
    82038	2021-01-04 12:44:34	2	0	1	0
    82038	2021-01-04 12:44:35	2	0	1	0
    56024	2021-01-04 12:47:35	2	0	1	0
    56024	2021-01-04 12:47:36	2	0	1	0
    70048	2021-01-04 12:49:13	2	0	1	0
    81171	2021-01-04 12:49:20	2	0	1	0
    81171	2021-01-04 12:49:21	2	0	1	0
    81171	2021-01-04 12:49:22	2	0	1	0
    81171	2021-01-04 12:49:23	2	0	1	0
    81171	2021-01-04 12:49:24	2	0	1	0
    92021	2021-01-04 12:50:43	2	0	1	0
    92021	2021-01-04 12:50:44	2	0	1	0
    91074	2021-01-04 12:50:53	2	0	1	0
    94055	2021-01-04 12:51:26	2	0	1	0
    86062	2021-01-04 12:51:30	2	0	1	0
    80047	2021-01-04 12:51:58	2	0	1	0
    80047	2021-01-04 12:52:04	2	0	1	0
    86062	2021-01-04 12:53:49	2	0	1	0
    82008	2021-01-04 12:56:23	2	0	1	0
    93066	2021-01-04 12:56:25	2	0	1	0
    93066	2021-01-04 12:56:26	2	0	1	0
    82008	2021-01-04 12:56:29	2	0	1	0
    82008	2021-01-04 12:56:31	2	0	1	0
    68042	2021-01-04 12:58:10	2	0	1	0
    68042	2021-01-04 12:58:11	2	0	1	0
    86111	2021-01-04 12:58:20	2	0	1	0
    83012	2021-01-04 13:01:13	2	0	1	0
    83012	2021-01-04 13:01:14	2	0	1	0
    78043	2021-01-04 13:01:21	2	0	1	0
    78043	2021-01-04 13:01:23	2	0	1	0
    81116	2021-01-04 13:27:28	2	1	1	0
    81116	2021-01-04 13:27:30	2	1	1	0
    19113	2021-01-04 13:36:09	2	1	1	0
    19113	2021-01-04 13:36:10	2	1	1	0
    81126	2021-01-04 14:19:20	2	0	1	0
    81126	2021-01-04 14:19:21	2	0	1	0
    99753	2021-01-04 14:33:57	2	0	1	0
    99926	2021-01-04 15:02:39	2	1	1	0
    99926	2021-01-04 15:02:40	2	1	1	0
    99926	2021-01-04 15:02:41	2	1	1	0
    59018	2021-01-04 15:18:09	2	1	1	0
    59018	2021-01-04 15:18:10	2	1	1	0
    79050	2021-01-04 16:00:33	2	1	1	0
    79050	2021-01-04 16:00:34	2	1	1	0
    77111	2021-01-04 16:01:47	2	1	1	0
    77111	2021-01-04 16:01:49	2	1	1	0
    90117	2021-01-04 16:01:55	2	1	1	0
    90117	2021-01-04 16:01:56	2	1	1	0
    90117	2021-01-04 16:01:57	2	1	1	0
    99753	2021-01-04 16:02:03	2	1	1	0
    89037	2021-01-04 16:04:39	2	1	1	0
    89037	2021-01-04 16:04:40	2	1	1	0
    64001	2021-01-04 16:04:50	2	1	1	0
    64001	2021-01-04 16:04:52	2	1	1	0
    61026	2021-01-04 16:06:17	2	1	1	0
    61026	2021-01-04 16:06:18	2	1	1	0
    61026	2021-01-04 16:06:20	2	1	1	0
    19116	2021-01-04 16:08:17	2	1	1	0
    19116	2021-01-04 16:08:19	2	1	1	0
    19116	2021-01-04 16:08:20	2	1	1	0
    84160	2021-01-04 16:08:31	2	1	1	0
    84160	2021-01-04 16:08:32	2	1	1	0
    84160	2021-01-04 16:08:33	2	1	1	0
    62025	2021-01-04 16:08:58	2	1	1	0
    62025	2021-01-04 16:09:00	2	1	1	0
    62025	2021-01-04 16:09:02	2	1	1	0
    99613	2021-01-04 16:09:48	2	1	1	0
    99613	2021-01-04 16:09:49	2	1	1	0
    79021	2021-01-04 16:10:09	2	1	1	0
    79021	2021-01-04 16:10:10	2	1	1	0
    73079	2021-01-04 16:12:52	2	1	1	0
    73079	2021-01-04 16:12:53	2	1	1	0
    73079	2021-01-04 16:12:55	2	1	1	0
    73079	2021-01-04 16:12:56	2	1	1	0
    69036	2021-01-04 16:13:01	2	1	1	0
    69036	2021-01-04 16:13:03	2	1	1	0
    69036	2021-01-04 16:13:04	2	1	1	0
    69036	2021-01-04 16:13:06	2	1	1	0
    67041	2021-01-04 16:16:17	2	1	1	0
    67041	2021-01-04 16:16:19	2	1	1	0
    60025	2021-01-04 16:16:55	2	1	1	0
    60025	2021-01-04 16:16:57	2	1	1	0
    65042	2021-01-04 16:20:44	2	1	1	0
    65042	2021-01-04 16:20:46	2	1	1	0
    91026	2021-01-04 16:50:24	2	1	1	0
    91026	2021-01-04 16:50:25	2	1	1	0
    91026	2021-01-04 16:50:26	2	1	1	0
    66054	2021-01-04 16:53:08	2	1	1	0
    66054	2021-01-04 16:53:12	2	1	1	0
    70042	2021-01-04 16:53:59	2	1	1	0
    70042	2021-01-04 16:54:00	2	1	1	0
    90041	2021-01-04 17:00:12	2	1	1	0
    90041	2021-01-04 17:00:15	2	1	1	0
    65079	2021-01-04 17:00:21	2	1	1	0
    65079	2021-01-04 17:00:23	2	1	1	0
    65079	2021-01-04 17:00:24	2	1	1	0
    81003	2021-01-04 17:00:26	2	1	1	0
    81003	2021-01-04 17:00:28	2	1	1	0
    71013	2021-01-04 17:00:29	2	1	1	0
    71013	2021-01-04 17:00:31	2	1	1	0
    71129	2021-01-04 17:00:35	2	1	1	0
    71129	2021-01-04 17:00:37	2	1	1	0
    71129	2021-01-04 17:00:39	2	1	1	0
    91074	2021-01-04 17:00:41	2	1	1	0
    19057	2021-01-04 17:00:45	2	1	1	0
    72024	2021-01-04 17:00:50	2	1	1	0
    80047	2021-01-04 17:01:02	2	1	1	0
    80047	2021-01-04 17:01:03	2	1	1	0
    86062	2021-01-04 17:01:05	2	1	1	0
    60035	2021-01-04 17:01:15	2	1	3	0
    82038	2021-01-04 17:01:21	2	1	1	0
    82038	2021-01-04 17:01:23	2	1	1	0
    82038	2021-01-04 17:01:24	2	1	1	0
    83057	2021-01-04 17:01:27	2	1	1	0
    83057	2021-01-04 17:01:28	2	1	1	0
    78043	2021-01-04 17:01:32	2	1	1	0
    78043	2021-01-04 17:01:33	2	1	1	0
    86179	2021-01-04 17:01:37	2	1	1	0
    86179	2021-01-04 17:01:38	2	1	1	0
    56024	2021-01-04 17:02:12	2	1	1	0
    56024	2021-01-04 17:02:14	2	1	1	0
    82008	2021-01-04 17:02:20	2	1	1	0
    82008	2021-01-04 17:02:21	2	1	1	0
    82008	2021-01-04 17:02:26	2	1	1	0
    82008	2021-01-04 17:02:27	2	1	1	0
    82143	2021-01-04 17:02:59	2	1	1	0
    82143	2021-01-04 17:03:00	2	1	1	0
    70074	2021-01-04 17:03:04	2	1	1	0
    70074	2021-01-04 17:03:07	2	1	1	0
    70074	2021-01-04 17:03:11	2	1	1	0
    74134	2021-01-04 17:04:29	2	1	1	0
    74134	2021-01-04 17:04:31	2	1	1	0
    74134	2021-01-04 17:04:32	2	1	1	0
    74134	2021-01-04 17:04:34	2	1	1	0
    70018	2021-01-04 17:04:45	2	1	1	0
    70018	2021-01-04 17:04:47	2	1	1	0
    70018	2021-01-04 17:04:48	2	1	1	0
    70018	2021-01-04 17:04:54	2	1	1	0
    76065	2021-01-04 17:05:19	2	1	1	0
    76065	2021-01-04 17:05:20	2	1	1	0
    96012	2021-01-04 17:05:35	2	1	1	0
    76020	2021-01-04 17:05:44	2	1	1	0
    76020	2021-01-04 17:05:45	2	1	1	0
    76020	2021-01-04 17:05:46	2	1	1	0
    93033	2021-01-04 17:05:48	2	1	1	0
    96012	2021-01-04 17:05:52	2	1	1	0
    96012	2021-01-04 17:05:54	2	1	1	0
    70018	2021-01-04 17:06:00	2	1	1	0
    77084	2021-01-04 17:06:06	2	1	1	0
    77084	2021-01-04 17:06:07	2	1	1	0
    81106	2021-01-04 17:06:13	2	1	1	0
    81106	2021-01-04 17:06:14	2	1	1	0
    93066	2021-01-04 17:06:17	2	1	1	0
    93066	2021-01-04 17:06:18	2	1	1	0
    76036	2021-01-04 17:06:23	2	1	1	0
    76036	2021-01-04 17:06:25	2	1	1	0
    96012	2021-01-04 17:06:28	2	1	1	0
    96012	2021-01-04 17:06:31	2	1	1	0
    96012	2021-01-04 17:06:36	2	1	1	0
    96012	2021-01-04 17:06:39	2	1	1	0
    68042	2021-01-04 17:07:43	2	1	1	0
    68042	2021-01-04 17:07:44	2	1	1	0
    61037	2021-01-04 17:08:17	2	1	3	0
    61037	2021-01-04 17:08:24	2	1	3	0
    72015	2021-01-04 17:08:31	2	1	1	0
    72015	2021-01-04 17:08:33	2	1	1	0
    76019	2021-01-04 17:08:42	2	1	1	0
    76019	2021-01-04 17:08:43	2	1	1	0
    76152	2021-01-04 17:08:48	2	1	1	0
    76152	2021-01-04 17:08:49	2	1	1	0
    19004	2021-01-04 17:08:56	2	1	1	0
    92021	2021-01-04 17:09:00	2	1	1	0
    92021	2021-01-04 17:09:02	2	1	1	0
    86111	2021-01-04 17:09:05	2	1	1	0
    81171	2021-01-04 17:09:10	2	1	1	0
    81171	2021-01-04 17:09:11	2	1	1	0
    81171	2021-01-04 17:09:12	2	1	1	0
    76105	2021-01-04 17:09:16	2	1	1	0
    68042	2021-01-04 17:10:16	2	1	1	0
    68042	2021-01-04 17:10:17	2	1	1	0
    77038	2021-01-04 17:10:30	2	1	1	0
    77038	2021-01-04 17:10:36	2	1	1	0
    73078	2021-01-04 17:10:42	2	1	1	0
    73078	2021-01-04 17:10:52	2	1	1	0
    73078	2021-01-04 17:10:53	2	1	1	0
    19117	2021-01-04 17:14:18	2	1	1	0
    19117	2021-01-04 17:14:19	2	1	1	0
    19117	2021-01-04 17:14:20	2	1	1	0
    70048	2021-01-04 17:19:52	2	1	1	0
    63020	2021-01-04 17:20:51	2	1	1	0
    63020	2021-01-04 17:20:56	2	1	1	0
    94088	2021-01-04 17:20:58	2	1	1	0
    82157	2021-01-04 17:21:00	2	1	1	0
    82157	2021-01-04 17:21:01	2	1	1	0
    82157	2021-01-04 17:21:02	2	1	1	0
    83012	2021-01-04 17:21:22	2	1	1	0
    83012	2021-01-04 17:21:24	2	1	1	0
    73095	2021-01-04 17:22:14	2	1	1	0
    73095	2021-01-04 17:22:16	2	1	1	0
    73095	2021-01-04 17:22:17	2	1	1	0
    84188	2021-01-04 17:24:17	2	1	1	0
    84188	2021-01-04 17:24:19	2	1	1	0
    84188	2021-01-04 17:24:20	2	1	1	0
    77041	2021-01-04 17:38:00	2	1	1	0
    77041	2021-01-04 17:38:01	2	1	1	0
    72024	2021-01-05 06:52:00	2	1	1	0
    71013	2021-01-05 07:17:05	2	0	1	0
    71013	2021-01-05 07:17:07	2	0	1	0
    74134	2021-01-05 07:20:55	2	0	1	0
    74134	2021-01-05 07:20:56	2	0	1	0
    74134	2021-01-05 07:20:57	2	0	1	0
    71129	2021-01-05 07:21:54	2	0	1	0
    71129	2021-01-05 07:21:55	2	0	1	0
    65042	2021-01-05 07:26:30	2	0	1	0
    65042	2021-01-05 07:26:32	2	0	1	0
    65042	2021-01-05 07:26:33	2	0	1	0
    60035	2021-01-05 07:27:49	2	0	3	0
    60035	2021-01-05 07:27:56	2	0	3	0
    94088	2021-01-05 07:30:18	2	0	1	0
    94088	2021-01-05 07:30:20	2	0	1	0
    69014	2021-01-05 07:30:44	2	0	1	0
    69014	2021-01-05 07:30:45	2	0	1	0
    69014	2021-01-05 07:30:48	2	0	1	0
    69014	2021-01-05 07:30:53	2	0	1	0
    69014	2021-01-05 07:30:55	2	0	1	0
    79050	2021-01-05 07:31:35	2	0	1	0
    79050	2021-01-05 07:31:37	2	0	1	0
    79050	2021-01-05 07:31:38	2	0	1	0
    79050	2021-01-05 07:31:40	2	0	1	0
    54039	2021-01-05 07:34:37	2	0	1	0
    54039	2021-01-05 07:34:39	2	0	1	0
    54039	2021-01-05 07:34:41	2	0	1	0
    82143	2021-01-05 07:34:58	2	0	1	0
    82143	2021-01-05 07:34:59	2	0	1	0
    59046	2021-01-05 07:35:04	2	0	1	0
    59046	2021-01-05 07:35:06	2	0	1	0
    70042	2021-01-05 07:36:43	2	0	1	0
    70042	2021-01-05 07:36:45	2	0	1	0
    84188	2021-01-05 07:39:31	2	0	1	0
    84188	2021-01-05 07:39:35	2	0	1	0
    84188	2021-01-05 07:39:36	2	0	1	0
    89037	2021-01-05 07:42:14	2	0	1	0
    89037	2021-01-05 07:42:16	2	0	1	0
    77038	2021-01-05 07:43:52	2	0	1	0
    77038	2021-01-05 07:43:54	2	0	1	0
    76065	2021-01-05 07:44:01	2	0	1	0
    76065	2021-01-05 07:44:02	2	0	1	0
    91026	2021-01-05 07:44:42	2	0	1	0
    91026	2021-01-05 07:44:43	2	0	1	0
    91026	2021-01-05 07:44:44	2	0	1	0
    68042	2021-01-05 07:44:59	2	0	1	0
    68042	2021-01-05 07:45:00	2	0	1	0
    96012	2021-01-05 07:45:45	2	0	1	0
    96012	2021-01-05 07:45:46	2	0	1	0
    96012	2021-01-05 07:45:47	2	0	1	0
    96012	2021-01-05 07:45:50	2	0	1	0
    96012	2021-01-05 07:45:51	2	0	1	0
    96012	2021-01-05 07:45:52	2	0	1	0
    99722	2021-01-05 07:45:53	2	0	1	0
    95038	2021-01-05 07:46:38	2	0	1	0
    95038	2021-01-05 07:46:39	2	0	1	0
    67041	2021-01-05 07:47:49	2	0	1	0
    67041	2021-01-05 07:47:51	2	0	1	0
    78043	2021-01-05 07:49:06	2	0	1	0
    78043	2021-01-05 07:49:07	2	0	1	0
    68066	2021-01-05 07:50:07	2	0	1	0
    68066	2021-01-05 07:50:09	2	0	1	0
    68066	2021-01-05 07:50:11	2	0	1	0
    84160	2021-01-05 07:51:06	2	0	1	0
    84160	2021-01-05 07:51:08	2	0	1	0
    90117	2021-01-05 07:51:13	2	0	1	0
    90117	2021-01-05 07:51:15	2	0	1	0
    90117	2021-01-05 07:51:16	2	0	1	0
    66054	2021-01-05 07:52:01	2	0	1	0
    66054	2021-01-05 07:52:03	2	0	1	0
    66054	2021-01-05 07:52:04	2	0	1	0
    61046	2021-01-05 07:52:21	2	0	1	0
    61046	2021-01-05 07:52:22	2	0	1	0
    77111	2021-01-05 07:53:41	2	0	1	0
    77111	2021-01-05 07:53:42	2	0	1	0
    19057	2021-01-05 07:54:20	2	0	1	0
    80047	2021-01-05 07:55:06	2	0	1	0
    80047	2021-01-05 07:55:07	2	0	1	0
    57056	2021-01-05 07:55:49	2	0	1	0
    57056	2021-01-05 07:55:51	2	0	1	0
    57056	2021-01-05 07:55:53	2	0	1	0
    63021	2021-01-05 07:56:51	2	0	1	0
    86111	2021-01-05 07:57:29	2	0	1	0
    82038	2021-01-05 07:57:31	2	0	1	0
    82038	2021-01-05 07:57:32	2	0	1	0
    82038	2021-01-05 07:57:33	2	0	1	0
    72015	2021-01-05 07:57:35	2	0	1	0
    73078	2021-01-05 07:57:41	2	0	1	0
    73078	2021-01-05 07:57:46	2	0	1	0
    73078	2021-01-05 07:57:47	2	0	1	0
    70018	2021-01-05 07:57:55	2	0	1	0
    70018	2021-01-05 07:57:56	2	0	1	0
    70018	2021-01-05 07:58:00	2	0	1	0
    65079	2021-01-05 07:58:06	2	0	1	0
    65079	2021-01-05 07:58:08	2	0	1	0
    65079	2021-01-05 07:58:09	2	0	1	0
    63020	2021-01-05 07:58:17	2	0	1	0
    63020	2021-01-05 07:58:19	2	0	1	0
    76152	2021-01-05 07:58:34	2	0	1	0
    76152	2021-01-05 07:58:35	2	0	1	0
    99613	2021-01-05 08:00:09	2	0	1	0
    99613	2021-01-05 08:00:13	2	0	1	0
    80180	2021-01-05 08:00:40	2	0	1	0
    80180	2021-01-05 08:00:41	2	0	1	0
    80180	2021-01-05 08:00:49	2	0	1	0
    64001	2021-01-05 08:01:05	2	0	1	0
    64001	2021-01-05 08:01:07	2	0	1	0
    90041	2021-01-05 08:01:32	2	0	1	0
    90041	2021-01-05 08:01:34	2	0	1	0
    79021	2021-01-05 08:01:52	2	0	1	0
    79021	2021-01-05 08:01:54	2	0	1	0
    76105	2021-01-05 08:02:16	2	0	1	0
    92021	2021-01-05 08:02:24	2	0	1	0
    92021	2021-01-05 08:02:25	2	0	1	0
    86094	2021-01-05 08:02:28	2	0	1	0
    91083	2021-01-05 08:02:32	2	0	1	0
    91083	2021-01-05 08:02:33	2	0	1	0
    86062	2021-01-05 08:02:58	2	0	1	0
    19004	2021-01-05 08:03:05	2	0	1	0
    94055	2021-01-05 08:03:13	2	0	1	0
    82008	2021-01-05 08:04:24	2	0	1	0
    82008	2021-01-05 08:04:25	2	0	1	0
    82008	2021-01-05 08:04:27	2	0	1	0
    82008	2021-01-05 08:04:28	2	0	1	0
    81171	2021-01-05 08:04:29	2	0	1	0
    81171	2021-01-05 08:04:30	2	0	1	0
    81171	2021-01-05 08:04:32	2	0	1	0
    56024	2021-01-05 08:04:40	2	0	1	0
    56024	2021-01-05 08:04:41	2	0	1	0
    83057	2021-01-05 08:04:46	2	0	1	0
    83057	2021-01-05 08:04:48	2	0	1	0
    83035	2021-01-05 08:06:11	2	0	1	0
    83035	2021-01-05 08:06:13	2	0	1	0
    86179	2021-01-05 08:08:25	2	0	1	0
    86179	2021-01-05 08:08:26	2	0	1	0
    61037	2021-01-05 08:08:54	2	0	3	0
    61037	2021-01-05 08:09:01	2	0	3	0
    83012	2021-01-05 08:12:25	2	0	1	0
    83012	2021-01-05 08:12:28	2	0	1	0
    19113	2021-01-05 08:14:12	2	0	1	0
    77084	2021-01-05 08:14:30	2	0	1	0
    77084	2021-01-05 08:14:31	2	0	1	0
    76036	2021-01-05 08:15:26	2	0	1	0
    76036	2021-01-05 08:15:27	2	0	1	0
    73095	2021-01-05 08:16:20	2	0	1	0
    73095	2021-01-05 08:16:21	2	0	1	0
    73095	2021-01-05 08:16:23	2	0	1	0
    70048	2021-01-05 08:23:00	2	0	1	0
    70048	2021-01-05 08:23:01	2	0	1	0
    93035	2021-01-05 08:33:22	2	1	1	0
    93035	2021-01-05 08:33:24	2	1	1	0
    85007	2021-01-05 08:37:26	2	1	1	0
    85007	2021-01-05 08:37:27	2	1	1	0
    20014	2021-01-05 08:49:00	2	0	1	0
    87148	2021-01-05 08:54:32	2	0	1	0
    64050	2021-01-05 09:28:17	2	0	1	0
    64050	2021-01-05 09:28:19	2	0	1	0
    77024	2021-01-05 10:59:40	2	0	1	0
    77024	2021-01-05 10:59:42	2	0	1	0
    86179	2021-01-05 11:53:25	2	0	1	0
    82143	2021-01-05 12:00:11	2	1	1	0
    82143	2021-01-05 12:00:12	2	1	1	0
    94088	2021-01-05 12:00:15	2	1	1	0
    94088	2021-01-05 12:00:16	2	1	1	0
    72024	2021-01-05 12:00:20	2	1	1	0
    72024	2021-01-05 12:00:21	2	1	1	0
    83012	2021-01-05 12:01:15	2	1	1	0
    83012	2021-01-05 12:01:16	2	1	1	0
    86094	2021-01-05 12:02:24	2	1	1	0
    86094	2021-01-05 12:02:28	2	1	1	0
    82008	2021-01-05 12:02:48	2	1	1	0
    82008	2021-01-05 12:02:49	2	1	1	0
    93066	2021-01-05 12:02:51	2	1	1	0
    93066	2021-01-05 12:02:53	2	1	1	0
    70048	2021-01-05 12:03:17	2	1	1	0
    70048	2021-01-05 12:03:18	2	1	1	0
    71013	2021-01-05 12:03:30	2	1	1	0
    71013	2021-01-05 12:03:31	2	1	1	0
    79050	2021-01-05 12:03:50	2	1	1	0
    79050	2021-01-05 12:03:51	2	1	1	0
    79050	2021-01-05 12:03:52	2	1	1	0
    94055	2021-01-05 12:04:19	2	1	1	0
    63020	2021-01-05 12:04:23	2	1	1	0
    63020	2021-01-05 12:04:24	2	1	1	0
    90041	2021-01-05 12:04:33	2	1	1	0
    90041	2021-01-05 12:04:34	2	1	1	0
    65079	2021-01-05 12:04:40	2	1	1	0
    65079	2021-01-05 12:04:42	2	1	1	0
    65079	2021-01-05 12:04:43	2	1	1	0
    71129	2021-01-05 12:05:34	2	1	1	0
    71129	2021-01-05 12:05:35	2	1	1	0
    54039	2021-01-05 12:06:55	2	1	1	0
    54039	2021-01-05 12:07:01	2	1	1	0
    54039	2021-01-05 12:07:04	2	1	1	0
    54039	2021-01-05 12:07:14	2	1	1	0
    83035	2021-01-05 12:07:19	2	1	1	0
    83035	2021-01-05 12:07:20	2	1	1	0
    77084	2021-01-05 12:07:26	2	1	1	0
    77084	2021-01-05 12:07:27	2	1	1	0
    77084	2021-01-05 12:07:33	2	1	1	0
    77084	2021-01-05 12:07:35	2	1	1	0
    76152	2021-01-05 12:07:38	2	1	1	0
    76152	2021-01-05 12:07:40	2	1	1	0
    81171	2021-01-05 12:07:43	2	1	1	0
    81171	2021-01-05 12:07:44	2	1	1	0
    81171	2021-01-05 12:07:45	2	1	1	0
    81171	2021-01-05 12:07:46	2	1	1	0
    93033	2021-01-05 12:07:48	2	1	1	0
    86094	2021-01-05 12:08:04	2	1	1	0
    19004	2021-01-05 12:09:19	2	1	1	0
    77038	2021-01-05 12:10:16	2	1	1	0
    77038	2021-01-05 12:10:19	2	1	1	0
    73078	2021-01-05 12:13:03	2	1	1	0
    73078	2021-01-05 12:13:05	2	1	1	0
    73078	2021-01-05 12:13:08	2	1	1	0
    73078	2021-01-05 12:13:13	2	1	1	0
    73078	2021-01-05 12:13:21	2	1	1	0
    73078	2021-01-05 12:13:24	2	1	1	0
    73078	2021-01-05 12:13:25	2	1	1	0
    56024	2021-01-05 12:14:01	2	1	1	0
    56024	2021-01-05 12:14:03	2	1	1	0
    69014	2021-01-05 12:14:07	2	1	1	0
    69014	2021-01-05 12:14:09	2	1	1	0
    82038	2021-01-05 12:14:34	2	1	1	0
    82038	2021-01-05 12:14:35	2	1	1	0
    82038	2021-01-05 12:14:37	2	1	1	0
    82038	2021-01-05 12:14:40	2	1	1	0
    76065	2021-01-05 12:16:27	2	1	1	0
    76065	2021-01-05 12:16:28	2	1	1	0
    76065	2021-01-05 12:16:31	2	1	1	0
    76065	2021-01-05 12:16:32	2	1	1	0
    93066	2021-01-05 12:19:46	2	1	1	0
    82008	2021-01-05 12:19:48	2	1	1	0
    82008	2021-01-05 12:19:49	2	1	1	0
    82008	2021-01-05 12:19:50	2	1	1	0
    71013	2021-01-05 12:20:20	2	0	1	0
    71013	2021-01-05 12:20:22	2	0	1	0
    86111	2021-01-05 12:21:30	2	0	1	0
    86111	2021-01-05 12:21:35	2	1	1	0
    82008	2021-01-05 12:21:48	2	1	1	0
    82008	2021-01-05 12:21:50	2	1	1	0
    61037	2021-01-05 12:22:50	2	1	3	0
    61037	2021-01-05 12:22:57	2	1	3	0
    61037	2021-01-05 12:23:04	2	1	3	0
    60035	2021-01-05 12:23:49	2	1	3	0
    60035	2021-01-05 12:23:56	2	1	3	0
    66038	2021-01-05 12:26:30	2	1	1	0
    66038	2021-01-05 12:26:33	2	1	1	0
    66038	2021-01-05 12:26:34	2	1	1	0
    66038	2021-01-05 12:26:36	2	1	1	0
    78043	2021-01-05 12:27:19	2	1	1	0
    78043	2021-01-05 12:27:21	2	1	1	0
    80047	2021-01-05 12:27:46	2	1	1	0
    80047	2021-01-05 12:27:47	2	1	1	0
    86062	2021-01-05 12:28:01	2	1	1	0
    83057	2021-01-05 12:28:06	2	1	1	0
    83057	2021-01-05 12:28:07	2	1	1	0
    92021	2021-01-05 12:29:23	2	1	1	0
    92021	2021-01-05 12:29:24	2	1	1	0
    72015	2021-01-05 12:30:02	2	1	1	0
    68042	2021-01-05 12:31:08	2	0	1	0
    68042	2021-01-05 12:31:09	2	0	1	0
    80047	2021-01-05 12:31:20	2	0	1	0
    80047	2021-01-05 12:31:21	2	0	1	0
    79050	2021-01-05 12:31:56	2	0	1	0
    79050	2021-01-05 12:31:57	2	0	1	0
    79050	2021-01-05 12:31:59	2	0	1	0
    71129	2021-01-05 12:32:12	2	0	1	0
    71129	2021-01-05 12:32:13	2	0	1	0
    86062	2021-01-05 12:32:21	2	0	1	0
    86062	2021-01-05 12:32:23	2	0	1	0
    65079	2021-01-05 12:32:26	2	0	1	0
    65079	2021-01-05 12:32:28	2	0	1	0
    65079	2021-01-05 12:32:29	2	0	1	0
    65079	2021-01-05 12:32:31	2	0	1	0
    90041	2021-01-05 12:32:34	2	0	1	0
    87138	2021-01-05 12:33:07	2	1	1	0
    87138	2021-01-05 12:33:08	2	1	1	0
    87138	2021-01-05 12:33:09	2	1	1	0
    70074	2021-01-05 12:33:38	2	1	1	0
    70074	2021-01-05 12:33:40	2	1	1	0
    76152	2021-01-05 12:34:41	2	0	1	0
    76152	2021-01-05 12:34:42	2	0	1	0
    83057	2021-01-05 12:34:51	2	0	1	0
    83057	2021-01-05 12:34:55	2	0	1	0
    83057	2021-01-05 12:34:56	2	0	1	0
    77084	2021-01-05 12:37:16	2	0	1	0
    77084	2021-01-05 12:37:18	2	0	1	0
    70048	2021-01-05 12:37:20	2	0	1	0
    70048	2021-01-05 12:37:22	2	0	1	0
    72015	2021-01-05 12:37:27	2	0	1	0
    72015	2021-01-05 12:37:29	2	0	1	0
    68042	2021-01-05 12:37:36	2	0	1	0
    68042	2021-01-05 12:37:38	2	0	1	0
    60035	2021-01-05 12:37:47	2	0	3	0
    69014	2021-01-05 12:37:53	2	0	1	0
    69014	2021-01-05 12:37:57	2	0	1	0
    94055	2021-01-05 12:37:59	2	0	1	0
    94088	2021-01-05 12:38:38	2	0	1	0
    94088	2021-01-05 12:38:39	2	0	1	0
    19004	2021-01-05 12:38:46	2	0	1	0
    19004	2021-01-05 12:38:48	2	0	1	0
    82143	2021-01-05 12:38:51	2	0	1	0
    82143	2021-01-05 12:38:52	2	0	1	0
    63020	2021-01-05 12:39:00	2	0	1	0
    63020	2021-01-05 12:39:02	2	0	1	0
    72024	2021-01-05 12:39:08	2	0	1	0
    72024	2021-01-05 12:39:10	2	0	1	0
    56024	2021-01-05 12:39:35	2	0	1	0
    56024	2021-01-05 12:39:37	2	0	1	0
    83035	2021-01-05 12:41:41	2	0	1	0
    83035	2021-01-05 12:41:42	2	0	1	0
    19113	2021-01-05 12:42:04	2	1	1	0
    19113	2021-01-05 12:42:06	2	1	1	0
    70018	2021-01-05 12:42:15	2	0	1	0
    70018	2021-01-05 12:42:16	2	0	1	0
    82038	2021-01-05 12:42:35	2	0	1	0
    82038	2021-01-05 12:42:36	2	0	1	0
    83012	2021-01-05 12:43:31	2	0	1	0
    83012	2021-01-05 12:43:33	2	0	1	0
    85104	2021-01-05 12:43:35	2	0	1	0
    85104	2021-01-05 12:43:36	2	0	1	0
    81171	2021-01-05 12:43:40	2	0	1	0
    81171	2021-01-05 12:43:41	2	0	1	0
    77084	2021-01-05 12:44:04	2	0	1	0
    77084	2021-01-05 12:44:08	2	0	1	0
    83012	2021-01-05 12:44:58	2	0	1	0
    94055	2021-01-05 12:48:02	2	0	1	0
    77038	2021-01-05 12:49:39	2	0	1	0
    77038	2021-01-05 12:49:42	2	0	1	0
    77038	2021-01-05 12:49:44	2	0	1	0
    61037	2021-01-05 12:51:37	2	0	3	0
    61037	2021-01-05 12:51:46	2	0	3	0
    93066	2021-01-05 12:52:43	2	0	1	0
    93066	2021-01-05 12:52:45	2	0	1	0
    82008	2021-01-05 12:52:46	2	0	1	0
    82008	2021-01-05 12:52:47	2	0	1	0
    82008	2021-01-05 12:52:48	2	0	1	0
    82008	2021-01-05 12:52:49	2	0	1	0
    92021	2021-01-05 12:54:02	2	0	1	0
    92021	2021-01-05 12:54:03	2	0	1	0
    92021	2021-01-05 12:54:05	2	0	1	0
    92021	2021-01-05 12:54:06	2	0	1	0
    73078	2021-01-05 12:54:20	2	0	1	0
    73078	2021-01-05 12:54:27	2	0	1	0
    73078	2021-01-05 12:54:29	2	0	1	0
    73078	2021-01-05 12:54:32	2	0	1	0
    73078	2021-01-05 12:54:34	2	0	1	0
    73078	2021-01-05 12:54:37	2	0	1	0
    73078	2021-01-05 12:54:45	2	0	1	0
    73078	2021-01-05 12:54:47	2	0	1	0
    73078	2021-01-05 12:54:48	2	0	1	0
    71013	2021-01-05 12:54:55	2	0	1	0
    71013	2021-01-05 12:54:56	2	0	1	0
    71013	2021-01-05 12:54:57	2	0	1	0
    86179	2021-01-05 12:57:07	2	0	1	0
    86179	2021-01-05 12:57:08	2	0	1	0
    86179	2021-01-05 12:57:09	2	0	1	0
    78043	2021-01-05 13:00:24	2	0	1	0
    78043	2021-01-05 13:00:30	2	0	1	0
    99753	2021-01-05 15:08:41	2	0	1	0
    19116	2021-01-05 16:00:13	2	1	1	0
    19116	2021-01-05 16:00:15	2	1	1	0
    99613	2021-01-05 16:02:41	2	1	1	0
    99613	2021-01-05 16:02:42	2	1	1	0
    95038	2021-01-05 16:03:22	2	1	1	0
    95038	2021-01-05 16:03:23	2	1	1	0
    64001	2021-01-05 16:05:30	2	1	1	0
    64001	2021-01-05 16:05:32	2	1	1	0
    77111	2021-01-05 16:05:43	2	1	1	0
    77111	2021-01-05 16:05:44	2	1	1	0
    76105	2021-01-05 16:05:53	2	1	1	0
    89037	2021-01-05 16:08:03	2	1	1	0
    89037	2021-01-05 16:08:04	2	1	1	0
    67041	2021-01-05 16:08:50	2	1	1	0
    67041	2021-01-05 16:08:51	2	1	1	0
    67041	2021-01-05 16:08:53	2	1	1	0
    90117	2021-01-05 16:08:56	2	1	1	0
    90117	2021-01-05 16:08:59	2	1	1	0
    90117	2021-01-05 16:09:00	2	1	1	0
    91026	2021-01-05 16:11:44	2	1	1	0
    91026	2021-01-05 16:11:45	2	1	1	0
    91026	2021-01-05 16:11:46	2	1	1	0
    60025	2021-01-05 16:11:55	2	1	1	0
    60025	2021-01-05 16:11:57	2	1	1	0
    60025	2021-01-05 16:11:58	2	1	1	0
    79021	2021-01-05 16:12:15	2	1	1	0
    79021	2021-01-05 16:12:16	2	1	1	0
    61026	2021-01-05 16:14:40	2	1	1	0
    61026	2021-01-05 16:14:41	2	1	1	0
    61026	2021-01-05 16:14:42	2	1	1	0
    99753	2021-01-05 16:17:00	2	1	1	0
    19117	2021-01-05 16:26:36	2	1	1	0
    19117	2021-01-05 16:26:37	2	1	1	0
    19117	2021-01-05 16:26:39	2	1	1	0
    19117	2021-01-05 16:26:40	2	1	1	0
    70042	2021-01-05 16:36:15	2	1	1	0
    70042	2021-01-05 16:36:16	2	1	1	0
    70042	2021-01-05 16:36:18	2	1	1	0
    66054	2021-01-05 16:42:34	2	1	1	0
    66054	2021-01-05 16:42:36	2	1	1	0
    66054	2021-01-05 16:42:37	2	1	1	0
    72024	2021-01-05 17:00:05	2	1	1	0
    82143	2021-01-05 17:00:08	2	1	1	0
    82143	2021-01-05 17:00:10	2	1	1	0
    94088	2021-01-05 17:00:12	2	1	1	0
    94088	2021-01-05 17:00:13	2	1	1	0
    71129	2021-01-05 17:00:19	2	1	1	0
    71129	2021-01-05 17:00:20	2	1	1	0
    71013	2021-01-05 17:00:24	2	1	1	0
    69014	2021-01-05 17:00:31	2	1	1	0
    69014	2021-01-05 17:00:34	2	1	1	0
    71013	2021-01-05 17:00:36	2	1	1	0
    71013	2021-01-05 17:00:38	2	1	1	0
    60035	2021-01-05 17:00:44	2	1	3	0
    63020	2021-01-05 17:00:49	2	1	1	0
    63020	2021-01-05 17:00:50	2	1	1	0
    70048	2021-01-05 17:00:54	2	1	1	0
    70048	2021-01-05 17:00:55	2	1	1	0
    83057	2021-01-05 17:01:06	2	1	1	0
    83057	2021-01-05 17:01:08	2	1	1	0
    83057	2021-01-05 17:01:09	2	1	1	0
    80047	2021-01-05 17:01:14	2	1	1	0
    80047	2021-01-05 17:01:16	2	1	1	0
    82008	2021-01-05 17:01:19	2	1	1	0
    79050	2021-01-05 17:01:31	2	1	1	0
    79050	2021-01-05 17:01:34	2	1	1	0
    79050	2021-01-05 17:01:35	2	1	1	0
    78043	2021-01-05 17:01:43	2	1	1	0
    78043	2021-01-05 17:01:45	2	1	1	0
    83012	2021-01-05 17:01:54	2	1	1	0
    83012	2021-01-05 17:01:55	2	1	1	0
    81171	2021-01-05 17:02:00	2	1	1	0
    81171	2021-01-05 17:02:02	2	1	1	0
    82008	2021-01-05 17:02:04	2	1	1	0
    82008	2021-01-05 17:02:05	2	1	1	0
    96012	2021-01-05 17:02:09	2	1	1	0
    96012	2021-01-05 17:02:10	2	1	1	0
    96012	2021-01-05 17:02:11	2	1	1	0
    96012	2021-01-05 17:02:12	2	1	1	0
    96012	2021-01-05 17:02:14	2	1	1	0
    65079	2021-01-05 17:02:20	2	1	1	0
    65079	2021-01-05 17:02:21	2	1	1	0
    65079	2021-01-05 17:02:23	2	1	1	0
    86062	2021-01-05 17:02:26	2	1	1	0
    86179	2021-01-05 17:02:33	2	1	1	0
    19057	2021-01-05 17:02:39	2	1	1	0
    71071	2021-01-05 17:02:50	2	1	1	0
    70018	2021-01-05 17:03:29	2	1	1	0
    70018	2021-01-05 17:03:31	2	1	1	0
    70018	2021-01-05 17:03:32	2	1	1	0
    91083	2021-01-05 17:04:09	2	1	1	0
    90041	2021-01-05 17:04:13	2	1	1	0
    65079	2021-01-05 17:04:18	2	1	1	0
    74134	2021-01-05 17:04:22	2	1	1	0
    74134	2021-01-05 17:04:23	2	1	1	0
    84160	2021-01-05 17:04:25	2	1	1	0
    84160	2021-01-05 17:04:26	2	1	1	0
    84160	2021-01-05 17:04:27	2	1	1	0
    56024	2021-01-05 17:04:36	2	1	1	0
    56024	2021-01-05 17:04:37	2	1	1	0
    86094	2021-01-05 17:04:53	2	1	1	0
    77038	2021-01-05 17:05:03	2	1	1	0
    77038	2021-01-05 17:05:06	2	1	1	0
    73078	2021-01-05 17:05:12	2	1	1	0
    73078	2021-01-05 17:05:17	2	1	1	0
    73078	2021-01-05 17:05:21	2	1	1	0
    73078	2021-01-05 17:05:22	2	1	1	0
    83035	2021-01-05 17:05:30	2	1	1	0
    83035	2021-01-05 17:05:31	2	1	1	0
    80180	2021-01-05 17:06:13	2	1	1	0
    80180	2021-01-05 17:06:15	2	1	1	0
    80180	2021-01-05 17:06:16	2	1	1	0
    84188	2021-01-05 17:06:26	2	1	1	0
    84188	2021-01-05 17:06:27	2	1	1	0
    84188	2021-01-05 17:06:28	2	1	1	0
    59046	2021-01-05 17:06:40	2	1	1	0
    63021	2021-01-05 17:06:47	2	1	1	0
    57056	2021-01-05 17:06:57	2	1	1	0
    57056	2021-01-05 17:06:59	2	1	1	0
    69045	2021-01-05 17:07:07	2	1	1	0
    69045	2021-01-05 17:07:08	2	1	1	0
    69045	2021-01-05 17:07:10	2	1	1	0
    61037	2021-01-05 17:07:19	2	1	3	0
    61037	2021-01-05 17:07:27	2	1	3	0
    72015	2021-01-05 17:07:32	2	1	1	0
    72015	2021-01-05 17:07:34	2	1	1	0
    73095	2021-01-05 17:09:01	2	1	1	0
    73095	2021-01-05 17:09:03	2	1	1	0
    73095	2021-01-05 17:09:04	2	1	1	0
    77084	2021-01-05 17:09:39	2	1	1	0
    93066	2021-01-05 17:09:42	2	1	1	0
    93066	2021-01-05 17:09:43	2	1	1	0
    68042	2021-01-05 17:29:03	2	1	1	0
    68042	2021-01-05 17:29:04	2	1	1	0
    99720	2021-01-05 17:30:49	2	1	1	0
    99720	2021-01-05 17:30:50	2	1	1	0
    99720	2021-01-05 17:30:51	2	1	1	0
    61037	2021-01-05 17:31:20	2	1	3	0
    61037	2021-01-05 17:31:37	2	1	3	0
    72015	2021-01-05 17:31:52	2	1	1	0
    72015	2021-01-05 17:31:54	2	1	1	0
    19004	2021-01-05 17:32:03	2	1	1	0
    19004	2021-01-05 17:32:04	2	1	1	0
    86111	2021-01-05 17:32:10	2	1	1	0
    76152	2021-01-05 17:32:14	2	1	1	0
    76152	2021-01-05 17:32:15	2	1	1	0
    92021	2021-01-05 17:32:38	2	1	1	0
    92021	2021-01-05 17:32:39	2	1	1	0
    76105	2021-01-05 17:32:43	2	1	1	0
    76065	2021-01-05 17:35:21	2	1	1	0
    76065	2021-01-05 17:35:23	2	1	1	0
    76065	2021-01-05 17:35:24	2	1	1	0
    81003	2021-01-06 06:52:25	2	0	1	0
    81003	2021-01-06 06:52:27	2	0	1	0
    70042	2021-01-06 06:56:17	2	0	1	0
    70042	2021-01-06 06:56:19	2	0	1	0
    72024	2021-01-06 06:56:37	2	0	1	0
    72024	2021-01-06 06:56:47	2	0	1	0
    99926	2021-01-06 07:01:21	2	1	1	0
    99926	2021-01-06 07:01:23	2	1	1	0
    99926	2021-01-06 07:01:24	2	1	1	0
    69014	2021-01-06 07:15:23	2	1	1	0
    69014	2021-01-06 07:15:25	2	1	1	0
    69014	2021-01-06 07:20:39	2	0	1	0
    69014	2021-01-06 07:20:40	2	0	1	0
    74134	2021-01-06 07:20:45	2	0	1	0
    74134	2021-01-06 07:20:47	2	0	1	0
    74134	2021-01-06 07:20:49	2	0	1	0
    71129	2021-01-06 07:23:23	2	0	1	0
    71129	2021-01-06 07:23:25	2	0	1	0
    71129	2021-01-06 07:23:28	2	0	1	0
    77041	2021-01-06 07:29:12	2	0	1	0
    77041	2021-01-06 07:29:14	2	0	1	0
    54039	2021-01-06 07:29:42	2	0	1	0
    54039	2021-01-06 07:29:44	2	0	1	0
    54039	2021-01-06 07:29:47	2	0	1	0
    86122	2021-01-06 07:29:55	2	0	1	0
    86122	2021-01-06 07:29:57	2	0	1	0
    94088	2021-01-06 07:30:42	2	0	1	0
    94088	2021-01-06 07:30:43	2	0	1	0
    82143	2021-01-06 07:31:20	2	0	1	0
    82143	2021-01-06 07:31:22	2	0	1	0
    76065	2021-01-06 07:36:21	2	0	1	0
    76065	2021-01-06 07:36:25	2	0	1	0
    79050	2021-01-06 07:36:56	2	0	1	0
    79050	2021-01-06 07:36:58	2	0	1	0
    79050	2021-01-06 07:37:00	2	0	1	0
    60035	2021-01-06 07:39:44	2	0	3	0
    95038	2021-01-06 07:39:49	2	0	1	0
    95038	2021-01-06 07:39:51	2	0	1	0
    71013	2021-01-06 07:40:26	2	0	1	0
    71013	2021-01-06 07:40:27	2	0	1	0
    96012	2021-01-06 07:45:42	2	0	1	0
    96012	2021-01-06 07:45:43	2	0	1	0
    96012	2021-01-06 07:45:45	2	0	1	0
    77038	2021-01-06 07:45:51	2	0	1	0
    96012	2021-01-06 07:45:56	2	0	1	0
    96012	2021-01-06 07:45:57	2	0	1	0
    96012	2021-01-06 07:46:00	2	0	1	0
    96012	2021-01-06 07:46:04	2	0	1	0
    65042	2021-01-06 07:46:43	2	0	1	0
    65042	2021-01-06 07:46:45	2	0	1	0
    65042	2021-01-06 07:46:47	2	0	1	0
    65042	2021-01-06 07:46:55	2	0	1	0
    65042	2021-01-06 07:46:57	2	0	1	0
    68042	2021-01-06 07:49:01	2	0	1	0
    68042	2021-01-06 07:49:03	2	0	1	0
    77063	2021-01-06 07:49:55	2	0	1	0
    77063	2021-01-06 07:49:57	2	0	1	0
    77063	2021-01-06 07:49:59	2	0	1	0
    76152	2021-01-06 07:50:44	2	0	1	0
    76152	2021-01-06 07:50:45	2	0	1	0
    76152	2021-01-06 07:50:46	2	0	1	0
    19117	2021-01-06 07:51:09	2	0	1	0
    19117	2021-01-06 07:51:10	2	0	1	0
    19117	2021-01-06 07:51:12	2	0	1	0
    91026	2021-01-06 07:51:17	2	0	1	0
    91026	2021-01-06 07:51:19	2	0	1	0
    57056	2021-01-06 07:51:25	2	0	1	0
    57056	2021-01-06 07:51:27	2	0	1	0
    57056	2021-01-06 07:51:33	2	0	1	0
    89037	2021-01-06 07:52:30	2	0	1	0
    89037	2021-01-06 07:52:31	2	0	1	0
    94002	2021-01-06 07:52:37	2	0	1	0
    94002	2021-01-06 07:52:38	2	0	1	0
    77111	2021-01-06 07:52:46	2	0	1	0
    77111	2021-01-06 07:52:51	2	0	1	0
    86111	2021-01-06 07:52:53	2	0	1	0
    72015	2021-01-06 07:52:58	2	0	1	0
    84160	2021-01-06 07:53:22	2	0	1	0
    84160	2021-01-06 07:53:23	2	0	1	0
    84160	2021-01-06 07:53:25	2	0	1	0
    83012	2021-01-06 07:53:31	2	0	1	0
    83012	2021-01-06 07:53:33	2	0	1	0
    83012	2021-01-06 07:53:34	2	0	1	0
    70018	2021-01-06 07:55:08	2	0	1	0
    70018	2021-01-06 07:55:10	2	0	1	0
    65079	2021-01-06 07:55:24	2	0	1	0
    65079	2021-01-06 07:55:25	2	0	1	0
    65079	2021-01-06 07:55:27	2	0	1	0
    84188	2021-01-06 07:55:48	2	0	1	0
    84188	2021-01-06 07:55:49	2	0	1	0
    84188	2021-01-06 07:55:50	2	0	1	0
    92021	2021-01-06 07:56:27	2	0	1	0
    76105	2021-01-06 07:56:33	2	0	1	0
    73078	2021-01-06 07:57:33	2	0	1	0
    73078	2021-01-06 07:57:37	2	0	1	0
    73078	2021-01-06 07:57:38	2	0	1	0
    86170	2021-01-06 07:57:45	2	0	1	0
    86170	2021-01-06 07:57:47	2	0	1	0
    19004	2021-01-06 07:57:50	2	0	1	0
    80047	2021-01-06 07:58:35	2	0	1	0
    80047	2021-01-06 07:58:36	2	0	1	0
    19057	2021-01-06 07:59:01	2	0	1	0
    93066	2021-01-06 07:59:16	2	0	1	0
    93066	2021-01-06 07:59:17	2	0	1	0
    93066	2021-01-06 07:59:18	2	0	1	0
    61046	2021-01-06 07:59:30	2	0	1	0
    61046	2021-01-06 07:59:31	2	0	1	0
    80180	2021-01-06 07:59:55	2	0	1	0
    80180	2021-01-06 07:59:56	2	0	1	0
    63021	2021-01-06 08:00:08	2	0	1	0
    83057	2021-01-06 08:00:14	2	0	1	0
    83057	2021-01-06 08:00:15	2	0	1	0
    83057	2021-01-06 08:00:17	2	0	1	0
    82038	2021-01-06 08:00:30	2	0	1	0
    82038	2021-01-06 08:00:31	2	0	1	0
    82038	2021-01-06 08:00:32	2	0	1	0
    76019	2021-01-06 08:00:38	2	0	1	0
    76019	2021-01-06 08:00:39	2	0	1	0
    80022	2021-01-06 08:00:43	2	0	1	0
    80022	2021-01-06 08:00:44	2	0	1	0
    90041	2021-01-06 08:01:03	2	0	1	0
    90041	2021-01-06 08:01:04	2	0	1	0
    66054	2021-01-06 08:01:11	2	0	1	0
    66054	2021-01-06 08:01:14	2	0	1	0
    90117	2021-01-06 08:02:53	2	0	1	0
    90117	2021-01-06 08:02:56	2	0	1	0
    90117	2021-01-06 08:02:57	2	0	1	0
    81171	2021-01-06 08:03:08	2	0	1	0
    81171	2021-01-06 08:03:09	2	0	1	0
    73095	2021-01-06 08:03:14	2	0	1	0
    73095	2021-01-06 08:03:16	2	0	1	0
    73095	2021-01-06 08:03:17	2	0	1	0
    82008	2021-01-06 08:03:33	2	0	1	0
    82008	2021-01-06 08:03:36	2	0	1	0
    77084	2021-01-06 08:03:40	2	0	1	0
    77084	2021-01-06 08:03:41	2	0	1	0
    81153	2021-01-06 08:04:05	2	1	1	0
    81153	2021-01-06 08:04:06	2	1	1	0
    81153	2021-01-06 08:04:08	2	1	1	0
    81153	2021-01-06 08:04:09	2	1	1	0
    94055	2021-01-06 08:04:14	2	1	1	0
    78043	2021-01-06 08:04:41	2	1	1	0
    78043	2021-01-06 08:04:47	2	0	1	0
    78043	2021-01-06 08:04:48	2	0	1	0
    86062	2021-01-06 08:04:51	2	0	1	0
    63020	2021-01-06 08:04:54	2	0	1	0
    63020	2021-01-06 08:04:56	2	0	1	0
    83035	2021-01-06 08:05:15	2	0	1	0
    83035	2021-01-06 08:05:17	2	0	1	0
    83035	2021-01-06 08:05:18	2	0	1	0
    99613	2021-01-06 08:05:37	2	0	1	0
    99613	2021-01-06 08:05:38	2	0	1	0
    99613	2021-01-06 08:05:39	2	0	1	0
    61037	2021-01-06 08:06:25	2	0	3	0
    61037	2021-01-06 08:06:33	2	0	3	0
    86179	2021-01-06 08:06:48	2	0	1	0
    79021	2021-01-06 08:07:48	2	0	1	0
    79021	2021-01-06 08:07:49	2	0	1	0
    70048	2021-01-06 08:08:14	2	0	1	0
    70048	2021-01-06 08:08:16	2	0	1	0
    64001	2021-01-06 08:09:39	2	0	1	0
    64001	2021-01-06 08:09:41	2	0	1	0
    76036	2021-01-06 08:11:15	2	0	1	0
    76036	2021-01-06 08:11:16	2	0	1	0
    91083	2021-01-06 08:11:43	2	0	1	0
    91083	2021-01-06 08:11:44	2	0	1	0
    19113	2021-01-06 08:14:03	2	0	1	0
    20014	2021-01-06 08:57:43	2	0	1	0
    93066	2021-01-06 12:00:24	2	0	1	0
    93066	2021-01-06 12:00:26	2	0	1	0
    93066	2021-01-06 12:00:27	2	0	1	0
    82008	2021-01-06 12:00:33	2	0	1	0
    82008	2021-01-06 12:00:35	2	0	1	0
    82008	2021-01-06 12:00:36	2	0	1	0
    83035	2021-01-06 12:01:52	2	1	1	0
    83035	2021-01-06 12:01:53	2	1	1	0
    72024	2021-01-06 12:02:43	2	1	1	0
    90041	2021-01-06 12:03:59	2	1	1	0
    83012	2021-01-06 12:05:14	2	1	1	0
    83012	2021-01-06 12:05:16	2	1	1	0
    83012	2021-01-06 12:05:17	2	1	1	0
    82143	2021-01-06 12:06:07	2	1	1	0
    82143	2021-01-06 12:06:08	2	1	1	0
    94088	2021-01-06 12:06:11	2	1	1	0
    94055	2021-01-06 12:06:23	2	1	1	0
    65079	2021-01-06 12:06:28	2	1	1	0
    65079	2021-01-06 12:06:30	2	1	1	0
    65079	2021-01-06 12:06:31	2	1	1	0
    86122	2021-01-06 12:06:36	2	1	1	0
    86122	2021-01-06 12:06:38	2	1	1	0
    81171	2021-01-06 12:07:02	2	1	1	0
    81171	2021-01-06 12:07:03	2	1	1	0
    81171	2021-01-06 12:07:05	2	1	1	0
    81171	2021-01-06 12:07:06	2	1	1	0
    70018	2021-01-06 12:07:27	2	1	1	0
    82008	2021-01-06 12:07:32	2	1	1	0
    82008	2021-01-06 12:07:33	2	1	1	0
    93066	2021-01-06 12:07:35	2	1	1	0
    93066	2021-01-06 12:07:36	2	1	1	0
    69014	2021-01-06 12:08:05	2	1	1	0
    69014	2021-01-06 12:08:06	2	1	1	0
    60035	2021-01-06 12:08:18	2	1	3	0
    80047	2021-01-06 12:09:04	2	1	1	0
    80047	2021-01-06 12:09:05	2	1	1	0
    86179	2021-01-06 12:09:13	2	1	1	0
    86179	2021-01-06 12:09:14	2	1	1	0
    86179	2021-01-06 12:09:15	2	1	1	0
    54039	2021-01-06 12:09:22	2	1	1	0
    54039	2021-01-06 12:09:24	2	1	1	0
    54039	2021-01-06 12:09:26	2	1	1	0
    61037	2021-01-06 12:09:36	2	1	3	0
    61037	2021-01-06 12:09:44	2	1	3	0
    61037	2021-01-06 12:09:54	2	1	3	0
    61037	2021-01-06 12:10:01	2	1	3	0
    81003	2021-01-06 12:10:27	2	1	1	0
    81003	2021-01-06 12:10:28	2	1	1	0
    77084	2021-01-06 12:10:30	2	1	1	0
    77084	2021-01-06 12:10:32	2	1	1	0
    73078	2021-01-06 12:10:47	2	1	1	0
    73078	2021-01-06 12:10:49	2	1	1	0
    73078	2021-01-06 12:10:52	2	1	1	0
    73078	2021-01-06 12:10:56	2	1	1	0
    73078	2021-01-06 12:10:58	2	1	1	0
    79016	2021-01-06 12:11:19	2	1	1	0
    79016	2021-01-06 12:11:20	2	1	1	0
    70048	2021-01-06 12:11:32	2	1	1	0
    71013	2021-01-06 12:12:27	2	1	1	0
    71013	2021-01-06 12:12:29	2	1	1	0
    79050	2021-01-06 12:13:15	2	1	1	0
    79050	2021-01-06 12:13:17	2	1	1	0
    79050	2021-01-06 12:13:18	2	1	1	0
    77084	2021-01-06 12:14:20	2	1	1	0
    77084	2021-01-06 12:14:21	2	1	1	0
    82038	2021-01-06 12:15:19	2	1	1	0
    82038	2021-01-06 12:15:20	2	1	1	0
    82038	2021-01-06 12:15:21	2	1	1	0
    68042	2021-01-06 12:15:24	2	1	1	0
    68042	2021-01-06 12:15:25	2	1	1	0
    77038	2021-01-06 12:16:49	2	1	1	0
    77038	2021-01-06 12:16:52	2	1	1	0
    78043	2021-01-06 12:17:03	2	1	1	0
    78043	2021-01-06 12:17:05	2	1	1	0
    19113	2021-01-06 12:17:26	2	1	1	0
    90041	2021-01-06 12:18:45	2	1	1	0
    63020	2021-01-06 12:18:53	2	1	1	0
    63020	2021-01-06 12:18:54	2	1	1	0
    86111	2021-01-06 12:20:53	2	1	1	0
    19004	2021-01-06 12:20:58	2	1	1	0
    19004	2021-01-06 12:20:59	2	1	1	0
    76152	2021-01-06 12:21:02	2	1	1	0
    76152	2021-01-06 12:21:03	2	1	1	0
    76019	2021-01-06 12:21:23	2	1	1	0
    76019	2021-01-06 12:21:30	2	1	1	0
    86062	2021-01-06 12:21:56	2	1	1	0
    61037	2021-01-06 12:23:47	2	1	3	0
    76065	2021-01-06 12:23:52	2	1	1	0
    76065	2021-01-06 12:23:53	2	1	1	0
    76065	2021-01-06 12:23:54	2	1	1	0
    92021	2021-01-06 12:28:05	2	1	1	0
    92021	2021-01-06 12:28:08	2	1	1	0
    83057	2021-01-06 12:31:38	2	1	1	0
    83057	2021-01-06 12:31:40	2	1	1	0
    83057	2021-01-06 12:31:47	2	0	1	0
    83057	2021-01-06 12:31:48	2	0	1	0
    92021	2021-01-06 12:32:11	2	0	1	0
    92021	2021-01-06 12:32:13	2	0	1	0
    77041	2021-01-06 12:32:17	2	0	1	0
    77041	2021-01-06 12:32:18	2	0	1	0
    87138	2021-01-06 12:32:43	2	1	1	0
    87138	2021-01-06 12:32:45	2	1	1	0
    87138	2021-01-06 12:32:47	2	1	1	0
    70074	2021-01-06 12:33:20	2	1	1	0
    70074	2021-01-06 12:33:22	2	1	1	0
    59046	2021-01-06 12:33:30	2	1	1	0
    87138	2021-01-06 12:33:35	2	1	1	0
    87138	2021-01-06 12:33:36	2	1	1	0
    87138	2021-01-06 12:33:37	2	1	1	0
    65079	2021-01-06 12:33:43	2	0	1	0
    65079	2021-01-06 12:33:45	2	0	1	0
    65079	2021-01-06 12:33:47	2	0	1	0
    65079	2021-01-06 12:33:49	2	0	1	0
    65079	2021-01-06 12:33:51	2	0	1	0
    86111	2021-01-06 12:33:53	2	0	1	0
    19004	2021-01-06 12:33:58	2	0	1	0
    19004	2021-01-06 12:33:59	2	0	1	0
    76152	2021-01-06 12:34:02	2	0	1	0
    76152	2021-01-06 12:34:04	2	0	1	0
    90041	2021-01-06 12:34:08	2	0	1	0
    90041	2021-01-06 12:34:11	2	0	1	0
    86179	2021-01-06 12:34:15	2	0	1	0
    86179	2021-01-06 12:34:16	2	0	1	0
    86122	2021-01-06 12:34:24	2	0	1	0
    86122	2021-01-06 12:34:26	2	0	1	0
    81032	2021-01-06 12:34:34	2	0	1	0
    81032	2021-01-06 12:34:35	2	0	1	0
    81032	2021-01-06 12:34:37	2	0	1	0
    69045	2021-01-06 12:34:45	2	1	1	0
    69045	2021-01-06 12:34:47	2	1	1	0
    69045	2021-01-06 12:34:48	2	1	1	0
    80047	2021-01-06 12:35:08	2	1	1	0
    80047	2021-01-06 12:35:10	2	1	1	0
    77084	2021-01-06 12:36:11	2	0	1	0
    77084	2021-01-06 12:36:13	2	0	1	0
    77084	2021-01-06 12:36:14	2	0	1	0
    77084	2021-01-06 12:36:20	2	0	1	0
    72015	2021-01-06 12:37:09	2	0	1	0
    72015	2021-01-06 12:37:10	2	0	1	0
    81003	2021-01-06 12:37:23	2	0	1	0
    81003	2021-01-06 12:37:24	2	0	1	0
    81106	2021-01-06 12:37:46	2	0	1	0
    81106	2021-01-06 12:37:47	2	0	1	0
    60035	2021-01-06 12:37:56	2	0	3	0
    94055	2021-01-06 12:38:13	2	0	1	0
    76019	2021-01-06 12:38:45	2	0	1	0
    76019	2021-01-06 12:38:46	2	0	1	0
    82143	2021-01-06 12:39:41	2	0	1	0
    82143	2021-01-06 12:39:43	2	0	1	0
    94088	2021-01-06 12:39:46	2	0	1	0
    63020	2021-01-06 12:40:01	2	0	1	0
    63020	2021-01-06 12:40:02	2	0	1	0
    70018	2021-01-06 12:41:22	2	0	1	0
    70018	2021-01-06 12:41:23	2	0	1	0
    71129	2021-01-06 12:41:33	2	1	1	0
    81171	2021-01-06 12:42:14	2	1	1	0
    81171	2021-01-06 12:42:15	2	1	1	0
    81171	2021-01-06 12:42:17	2	1	1	0
    81171	2021-01-06 12:42:18	2	1	1	0
    78043	2021-01-06 12:44:06	2	0	1	0
    78043	2021-01-06 12:44:12	2	0	1	0
    78043	2021-01-06 12:44:13	2	0	1	0
    77038	2021-01-06 12:44:52	2	0	1	0
    77038	2021-01-06 12:44:54	2	0	1	0
    82038	2021-01-06 12:48:20	2	0	1	0
    82038	2021-01-06 12:48:21	2	0	1	0
    61037	2021-01-06 12:48:30	2	0	3	0
    61037	2021-01-06 12:48:38	2	0	3	0
    61037	2021-01-06 12:48:46	2	0	3	0
    86062	2021-01-06 12:48:51	2	0	1	0
    80047	2021-01-06 12:48:57	2	0	1	0
    83012	2021-01-06 12:49:55	2	0	1	0
    83012	2021-01-06 12:49:57	2	0	1	0
    79016	2021-01-06 12:50:05	2	0	1	0
    79016	2021-01-06 12:50:06	2	0	1	0
    79016	2021-01-06 12:50:07	2	0	1	0
    83012	2021-01-06 12:50:10	2	0	1	0
    70048	2021-01-06 12:50:15	2	0	1	0
    69014	2021-01-06 12:50:57	2	0	1	0
    69014	2021-01-06 12:50:59	2	0	1	0
    78155	2021-01-06 12:51:05	2	0	1	0
    78155	2021-01-06 12:51:06	2	0	1	0
    78155	2021-01-06 12:51:10	2	0	1	0
    71129	2021-01-06 12:51:20	2	0	1	0
    71129	2021-01-06 12:51:22	2	0	1	0
    76065	2021-01-06 12:51:28	2	0	1	0
    76065	2021-01-06 12:51:29	2	0	1	0
    76065	2021-01-06 12:51:30	2	0	1	0
    76065	2021-01-06 12:51:32	2	0	1	0
    76065	2021-01-06 12:51:33	2	0	1	0
    71013	2021-01-06 12:51:39	2	0	1	0
    71013	2021-01-06 12:51:40	2	0	1	0
    79050	2021-01-06 12:51:45	2	0	1	0
    79050	2021-01-06 12:51:46	2	0	1	0
    79050	2021-01-06 12:51:48	2	0	1	0
    83035	2021-01-06 12:51:51	2	0	1	0
    83035	2021-01-06 12:51:53	2	0	1	0
    68042	2021-01-06 12:52:54	2	0	1	0
    68042	2021-01-06 12:52:55	2	0	1	0
    73078	2021-01-06 12:53:15	2	0	1	0
    73078	2021-01-06 12:53:20	2	0	1	0
    73078	2021-01-06 12:53:22	2	0	1	0
    73078	2021-01-06 12:53:28	2	0	1	0
    73078	2021-01-06 12:53:31	2	0	1	0
    73078	2021-01-06 12:53:33	2	0	1	0
    82008	2021-01-06 12:54:59	2	0	1	0
    82008	2021-01-06 12:55:01	2	0	1	0
    82008	2021-01-06 12:55:02	2	0	1	0
    82008	2021-01-06 12:55:03	2	0	1	0
    82008	2021-01-06 12:55:04	2	0	1	0
    93066	2021-01-06 12:55:07	2	0	1	0
    93066	2021-01-06 12:55:08	2	0	1	0
    93066	2021-01-06 12:55:10	2	0	1	0
    76065	2021-01-06 12:57:29	2	0	1	0
    76065	2021-01-06 12:57:30	2	0	1	0
    72024	2021-01-06 13:03:51	2	0	1	0
    64050	2021-01-06 13:38:26	2	1	1	0
    64050	2021-01-06 13:38:28	2	1	1	0
    81126	2021-01-06 14:28:46	2	0	1	0
    81126	2021-01-06 14:28:47	2	0	1	0
    87070	2021-01-06 15:14:39	2	1	1	0
    87070	2021-01-06 15:14:40	2	1	1	0
    94052	2021-01-06 15:31:44	2	0	1	0
    94052	2021-01-06 15:31:46	2	0	1	0
    94052	2021-01-06 15:31:47	2	0	1	0
    67041	2021-01-06 16:03:02	2	1	1	0
    67041	2021-01-06 16:03:03	2	1	1	0
    67041	2021-01-06 16:03:05	2	1	1	0
    89037	2021-01-06 16:03:42	2	1	1	0
    89037	2021-01-06 16:03:44	2	1	1	0
    64001	2021-01-06 16:03:48	2	1	1	0
    64001	2021-01-06 16:03:50	2	1	1	0
    77111	2021-01-06 16:04:06	2	1	1	0
    77111	2021-01-06 16:04:08	2	1	1	0
    65042	2021-01-06 16:04:47	2	1	1	0
    65042	2021-01-06 16:04:49	2	1	1	0
    99613	2021-01-06 16:05:48	2	1	1	0
    99613	2021-01-06 16:05:49	2	1	1	0
    99613	2021-01-06 16:05:50	2	1	1	0
    95038	2021-01-06 16:06:01	2	1	1	0
    95038	2021-01-06 16:06:02	2	1	1	0
    90117	2021-01-06 16:06:10	2	1	1	0
    90117	2021-01-06 16:06:12	2	1	1	0
    90117	2021-01-06 16:06:13	2	1	1	0
    61026	2021-01-06 16:07:18	2	1	1	0
    61026	2021-01-06 16:07:19	2	1	1	0
    61026	2021-01-06 16:07:21	2	1	1	0
    79021	2021-01-06 16:09:02	2	1	1	0
    79021	2021-01-06 16:09:03	2	1	1	0
    91026	2021-01-06 16:12:35	2	1	1	0
    91026	2021-01-06 16:12:36	2	1	1	0
    91026	2021-01-06 16:12:37	2	1	1	0
    19117	2021-01-06 16:30:01	2	1	1	0
    19117	2021-01-06 16:30:02	2	1	1	0
    19117	2021-01-06 16:30:03	2	1	1	0
    19117	2021-01-06 16:30:05	2	1	1	0
    76105	2021-01-06 16:35:59	2	1	1	0
    70042	2021-01-06 16:41:13	2	1	1	0
    70042	2021-01-06 16:41:15	2	1	1	0
    66054	2021-01-06 16:44:43	2	1	1	0
    66054	2021-01-06 16:44:47	2	1	1	0
    82143	2021-01-06 17:00:03	2	1	1	0
    82143	2021-01-06 17:00:04	2	1	1	0
    72024	2021-01-06 17:00:08	2	1	1	0
    81003	2021-01-06 17:00:12	2	1	1	0
    81003	2021-01-06 17:00:14	2	1	1	0
    71013	2021-01-06 17:00:35	2	1	1	0
    71013	2021-01-06 17:00:36	2	1	1	0
    71129	2021-01-06 17:00:44	2	1	1	0
    71129	2021-01-06 17:00:46	2	1	1	0
    79050	2021-01-06 17:00:50	2	1	1	0
    79050	2021-01-06 17:00:52	2	1	1	0
    79050	2021-01-06 17:00:53	2	1	1	0
    82008	2021-01-06 17:01:22	2	1	1	0
    82008	2021-01-06 17:01:23	2	1	1	0
    82008	2021-01-06 17:01:24	2	1	1	0
    60035	2021-01-06 17:02:07	2	1	3	0
    69014	2021-01-06 17:02:12	2	1	1	0
    69014	2021-01-06 17:02:14	2	1	1	0
    69014	2021-01-06 17:02:16	2	1	1	0
    81171	2021-01-06 17:02:21	2	1	1	0
    81171	2021-01-06 17:02:22	2	1	1	0
    81171	2021-01-06 17:02:24	2	1	1	0
    81171	2021-01-06 17:02:25	2	1	1	0
    83057	2021-01-06 17:02:28	2	1	1	0
    83057	2021-01-06 17:02:29	2	1	1	0
    83057	2021-01-06 17:02:30	2	1	1	0
    82038	2021-01-06 17:02:35	2	1	1	0
    82038	2021-01-06 17:02:37	2	1	1	0
    70048	2021-01-06 17:02:38	2	1	1	0
    57056	2021-01-06 17:02:43	2	1	1	0
    57056	2021-01-06 17:02:44	2	1	1	0
    74134	2021-01-06 17:02:48	2	1	1	0
    74134	2021-01-06 17:02:50	2	1	1	0
    84160	2021-01-06 17:02:53	2	1	1	0
    84160	2021-01-06 17:02:54	2	1	1	0
    94088	2021-01-06 17:02:56	2	1	1	0
    63020	2021-01-06 17:03:08	2	1	1	0
    63020	2021-01-06 17:03:10	2	1	1	0
    83012	2021-01-06 17:03:41	2	1	1	0
    83012	2021-01-06 17:03:43	2	1	1	0
    83012	2021-01-06 17:03:44	2	1	1	0
    80047	2021-01-06 17:04:00	2	1	1	0
    80047	2021-01-06 17:04:01	2	1	1	0
    86062	2021-01-06 17:04:41	2	1	1	0
    86062	2021-01-06 17:04:42	2	1	1	0
    86179	2021-01-06 17:04:44	2	1	1	0
    86179	2021-01-06 17:04:45	2	1	1	0
    82152	2021-01-06 17:04:51	2	1	1	0
    82152	2021-01-06 17:04:52	2	1	1	0
    96012	2021-01-06 17:04:56	2	1	1	0
    96012	2021-01-06 17:04:57	2	1	1	0
    96012	2021-01-06 17:04:58	2	1	1	0
    78043	2021-01-06 17:05:02	2	1	1	0
    78043	2021-01-06 17:05:04	2	1	1	0
    96012	2021-01-06 17:05:08	2	1	1	0
    81106	2021-01-06 17:05:26	2	1	1	0
    81106	2021-01-06 17:05:27	2	1	1	0
    86111	2021-01-06 17:06:14	2	1	1	0
    91083	2021-01-06 17:06:20	2	1	1	0
    91083	2021-01-06 17:06:23	2	1	1	0
    73095	2021-01-06 17:06:29	2	1	1	0
    73095	2021-01-06 17:06:30	2	1	1	0
    73095	2021-01-06 17:06:32	2	1	1	0
    80180	2021-01-06 17:06:35	2	1	1	0
    80180	2021-01-06 17:06:36	2	1	1	0
    80180	2021-01-06 17:06:37	2	1	1	0
    19004	2021-01-06 17:06:40	2	1	1	0
    19004	2021-01-06 17:06:41	2	1	1	0
    70018	2021-01-06 17:07:33	2	1	1	0
    70018	2021-01-06 17:07:34	2	1	1	0
    81032	2021-01-06 17:08:07	2	1	1	0
    83035	2021-01-06 17:08:10	2	1	1	0
    83035	2021-01-06 17:08:11	2	1	1	0
    81032	2021-01-06 17:08:13	2	1	1	0
    86122	2021-01-06 17:09:09	2	1	1	0
    86122	2021-01-06 17:09:10	2	1	1	0
    76019	2021-01-06 17:09:21	2	1	1	0
    76019	2021-01-06 17:09:23	2	1	1	0
    76019	2021-01-06 17:09:24	2	1	1	0
    86111	2021-01-06 17:09:36	2	1	1	0
    93066	2021-01-06 17:10:08	2	1	1	0
    93066	2021-01-06 17:10:09	2	1	1	0
    77084	2021-01-06 17:10:28	2	1	1	0
    81106	2021-01-06 17:10:31	2	1	1	0
    81106	2021-01-06 17:10:32	2	1	1	0
    77084	2021-01-06 17:10:34	2	1	1	0
    63021	2021-01-06 17:10:47	2	1	1	0
    76036	2021-01-06 17:12:54	2	1	1	0
    76036	2021-01-06 17:12:55	2	1	1	0
    72015	2021-01-06 17:13:10	2	1	1	0
    72015	2021-01-06 17:13:11	2	1	1	0
    61037	2021-01-06 17:13:21	2	1	3	0
    61037	2021-01-06 17:13:30	2	1	3	0
    61037	2021-01-06 17:13:37	2	1	3	0
    80022	2021-01-06 17:14:38	2	1	1	0
    80022	2021-01-06 17:14:40	2	1	1	0
    65079	2021-01-06 17:15:05	2	1	1	0
    65079	2021-01-06 17:15:06	2	1	1	0
    65079	2021-01-06 17:15:07	2	1	1	0
    65079	2021-01-06 17:15:09	2	1	1	0
    90041	2021-01-06 17:15:19	2	1	1	0
    90041	2021-01-06 17:15:23	2	1	1	0
    90041	2021-01-06 17:15:24	2	1	1	0
    90041	2021-01-06 17:15:25	2	1	1	0
    73078	2021-01-06 17:16:05	2	1	1	0
    73078	2021-01-06 17:16:08	2	1	1	0
    73078	2021-01-06 17:16:13	2	1	1	0
    73078	2021-01-06 17:16:14	2	1	1	0
    77038	2021-01-06 17:16:20	2	1	1	0
    83035	2021-01-06 17:16:23	2	1	1	0
    90041	2021-01-06 17:17:54	2	1	1	0
    77041	2021-01-06 17:42:29	2	1	1	0
    77041	2021-01-06 17:42:30	2	1	1	0
    70042	2021-01-07 06:50:59	2	0	1	0
    70042	2021-01-07 06:51:01	2	0	1	0
    72024	2021-01-07 06:51:32	2	0	1	0
    81003	2021-01-07 06:51:51	2	0	1	0
    81003	2021-01-07 06:51:52	2	0	1	0
    65042	2021-01-07 07:04:26	2	0	1	0
    65042	2021-01-07 07:04:28	2	0	1	0
    65042	2021-01-07 07:04:29	2	0	1	0
    79050	2021-01-07 07:23:53	2	0	1	0
    79050	2021-01-07 07:23:55	2	0	1	0
    79050	2021-01-07 07:23:57	2	0	1	0
    79050	2021-01-07 07:23:58	2	0	1	0
    96012	2021-01-07 07:25:22	2	0	1	0
    96012	2021-01-07 07:25:23	2	0	1	0
    96012	2021-01-07 07:25:24	2	0	1	0
    96012	2021-01-07 07:25:25	2	0	1	0
    96012	2021-01-07 07:25:27	2	0	1	0
    69014	2021-01-07 07:25:49	2	0	1	0
    69014	2021-01-07 07:25:51	2	0	1	0
    54039	2021-01-07 07:27:47	2	0	1	0
    54039	2021-01-07 07:27:48	2	0	1	0
    54039	2021-01-07 07:27:50	2	0	1	0
    77041	2021-01-07 07:28:02	2	0	1	0
    77041	2021-01-07 07:28:03	2	0	1	0
    77038	2021-01-07 07:28:17	2	0	1	0
    82143	2021-01-07 07:28:21	2	0	1	0
    82143	2021-01-07 07:28:22	2	0	1	0
    74134	2021-01-07 07:28:27	2	0	1	0
    74134	2021-01-07 07:28:28	2	0	1	0
    74134	2021-01-07 07:28:30	2	0	1	0
    71129	2021-01-07 07:30:46	2	0	1	0
    71129	2021-01-07 07:30:47	2	0	1	0
    94088	2021-01-07 07:30:53	2	0	1	0
    94088	2021-01-07 07:30:55	2	0	1	0
    76065	2021-01-07 07:31:14	2	0	1	0
    76065	2021-01-07 07:31:15	2	0	1	0
    76065	2021-01-07 07:31:16	2	0	1	0
    76065	2021-01-07 07:31:17	2	0	1	0
    76065	2021-01-07 07:31:18	2	0	1	0
    76065	2021-01-07 07:31:19	2	0	1	0
    76065	2021-01-07 07:31:20	2	0	1	0
    76065	2021-01-07 07:31:21	2	0	1	0
    76065	2021-01-07 07:31:23	2	0	1	0
    76065	2021-01-07 07:31:24	2	0	1	0
    76065	2021-01-07 07:31:25	2	0	1	0
    76065	2021-01-07 07:31:26	2	0	1	0
    76065	2021-01-07 07:31:28	2	0	1	0
    76065	2021-01-07 07:31:30	2	0	1	0
    71013	2021-01-07 07:38:22	2	0	1	0
    71013	2021-01-07 07:38:24	2	0	1	0
    68042	2021-01-07 07:42:53	2	0	1	0
    68042	2021-01-07 07:42:54	2	0	1	0
    61046	2021-01-07 07:44:42	2	0	1	0
    61046	2021-01-07 07:44:43	2	0	1	0
    60035	2021-01-07 07:45:07	2	0	3	0
    60035	2021-01-07 07:45:14	2	0	3	0
    57056	2021-01-07 07:46:03	2	0	1	0
    57056	2021-01-07 07:46:05	2	0	1	0
    57056	2021-01-07 07:46:06	2	0	1	0
    86122	2021-01-07 07:46:22	2	0	1	0
    86122	2021-01-07 07:46:24	2	0	1	0
    91074	2021-01-07 07:46:47	2	0	1	0
    89037	2021-01-07 07:47:02	2	0	1	0
    89037	2021-01-07 07:47:03	2	0	1	0
    56024	2021-01-07 07:47:23	2	0	1	0
    56024	2021-01-07 07:47:25	2	0	1	0
    84160	2021-01-07 07:50:26	2	0	1	0
    84160	2021-01-07 07:50:27	2	0	1	0
    84160	2021-01-07 07:50:28	2	0	1	0
    84160	2021-01-07 07:50:29	2	0	1	0
    95038	2021-01-07 07:50:47	2	0	1	0
    95038	2021-01-07 07:50:49	2	0	1	0
    68066	2021-01-07 07:50:55	2	0	1	0
    68066	2021-01-07 07:50:57	2	0	1	0
    68066	2021-01-07 07:50:58	2	0	1	0
    99613	2021-01-07 07:52:07	2	0	1	0
    99613	2021-01-07 07:52:08	2	0	1	0
    99613	2021-01-07 07:52:09	2	0	1	0
    59046	2021-01-07 07:52:38	2	0	1	0
    59046	2021-01-07 07:52:41	2	0	1	0
    70018	2021-01-07 07:54:09	2	0	1	0
    70018	2021-01-07 07:54:10	2	0	1	0
    70018	2021-01-07 07:54:12	2	0	1	0
    86111	2021-01-07 07:55:12	2	0	1	0
    72015	2021-01-07 07:55:17	2	0	1	0
    64001	2021-01-07 07:55:21	2	0	1	0
    64001	2021-01-07 07:55:23	2	0	1	0
    71071	2021-01-07 07:55:29	2	0	1	0
    71071	2021-01-07 07:55:30	2	0	1	0
    66054	2021-01-07 07:55:37	2	0	1	0
    66054	2021-01-07 07:55:39	2	0	1	0
    66054	2021-01-07 07:55:40	2	0	1	0
    84188	2021-01-07 07:55:47	2	0	1	0
    84188	2021-01-07 07:55:49	2	0	1	0
    60035	2021-01-07 07:56:39	2	0	3	0
    79021	2021-01-07 07:58:06	2	0	1	0
    79021	2021-01-07 07:58:07	2	0	1	0
    76019	2021-01-07 07:58:16	2	0	1	0
    76019	2021-01-07 07:58:17	2	0	1	0
    86094	2021-01-07 07:58:19	2	0	1	0
    80022	2021-01-07 07:58:41	2	0	1	0
    80022	2021-01-07 07:58:42	2	0	1	0
    73095	2021-01-07 07:58:59	2	0	1	0
    73095	2021-01-07 07:59:00	2	0	1	0
    73095	2021-01-07 07:59:02	2	0	1	0
    94055	2021-01-07 07:59:42	2	0	1	0
    80047	2021-01-07 07:59:56	2	0	1	0
    82008	2021-01-07 08:00:24	2	0	1	0
    93066	2021-01-07 08:00:27	2	0	1	0
    82008	2021-01-07 08:00:31	2	0	1	0
    82008	2021-01-07 08:00:32	2	0	1	0
    93066	2021-01-07 08:00:36	2	0	1	0
    93066	2021-01-07 08:00:37	2	0	1	0
    90041	2021-01-07 08:00:49	2	0	1	0
    82038	2021-01-07 08:01:06	2	0	1	0
    82038	2021-01-07 08:01:07	2	0	1	0
    82038	2021-01-07 08:01:08	2	0	1	0
    63020	2021-01-07 08:01:15	2	0	1	0
    63020	2021-01-07 08:01:16	2	0	1	0
    86062	2021-01-07 08:01:21	2	0	1	0
    81171	2021-01-07 08:02:10	2	0	1	0
    81171	2021-01-07 08:02:12	2	0	1	0
    78043	2021-01-07 08:03:03	2	0	1	0
    78043	2021-01-07 08:03:05	2	0	1	0
    83035	2021-01-07 08:03:52	2	0	1	0
    83035	2021-01-07 08:03:53	2	0	1	0
    83035	2021-01-07 08:03:54	2	0	1	0
    92021	2021-01-07 08:04:53	2	0	1	0
    92021	2021-01-07 08:04:54	2	0	1	0
    76152	2021-01-07 08:05:01	2	0	1	0
    76152	2021-01-07 08:05:02	2	0	1	0
    80180	2021-01-07 08:05:49	2	0	1	0
    80180	2021-01-07 08:05:50	2	0	1	0
    83057	2021-01-07 08:06:07	2	0	1	0
    83057	2021-01-07 08:06:08	2	0	1	0
    83057	2021-01-07 08:06:09	2	0	1	0
    86179	2021-01-07 08:06:27	2	0	1	0
    86179	2021-01-07 08:06:28	2	0	1	0
    61037	2021-01-07 08:10:05	2	0	3	0
    61037	2021-01-07 08:10:47	2	0	3	0
    91083	2021-01-07 08:10:52	2	0	1	0
    91083	2021-01-07 08:10:54	2	0	1	0
    70048	2021-01-07 08:11:01	2	0	1	0
    70048	2021-01-07 08:11:04	2	0	1	0
    19004	2021-01-07 08:11:56	2	0	1	0
    19004	2021-01-07 08:11:57	2	0	1	0
    76036	2021-01-07 08:12:59	2	0	1	0
    76036	2021-01-07 08:13:00	2	0	1	0
